 4.728  8.775  0.841 138.000 1.000000 1.000000
29.118  7.631  0.254 149.000 1.000000 2.000000
28.715 15.310  0.814 147.000 1.000000 3.000000
14.561 15.904  0.244 150.000 1.000000 4.000000
24.008  3.737  0.929 130.000 1.000000 5.000000
 4.257  9.795  0.350 180.000 1.000000 6.000000
12.653  8.912  0.197 134.000 1.000000 7.000000
27.472 12.926  0.251 139.000 1.000000 8.000000
23.766 14.187  0.616 131.000 1.000000 9.000000
28.785 15.094  0.473 147.000 1.000000 10.000000
19.672  5.521  0.352 121.000 1.000000 11.000000
 1.071 13.594  0.831 127.000 1.000000 12.000000
25.474 13.102  0.585 136.000 1.000000 13.000000
28.020  3.252  0.550 158.000 1.000000 14.000000
20.362  2.380  0.917 138.000 1.000000 15.000000
22.732  9.967  0.286 139.000 1.000000 16.000000
22.294 19.195  0.757 159.000 1.000000 17.000000
11.767  6.808  0.754 178.000 1.000000 18.000000
19.664 11.705  0.380 151.000 1.000000 19.000000
 5.136  4.476  0.568 162.000 1.000000 20.000000
21.181 15.025  0.076 148.000 1.000000 21.000000
 0.955  5.102  0.054 153.000 1.000000 22.000000
 8.308 10.119  0.531 170.000 1.000000 23.000000
 1.385 13.982  0.779 166.000 1.000000 24.000000
 2.914 17.818  0.934 161.000 1.000000 25.000000
24.704 19.186  0.130 183.000 1.000000 26.000000
20.845 10.944  0.569 143.000 1.000000 27.000000
 9.513  2.772  0.469 148.000 1.000000 28.000000
28.507  2.986  0.012 140.000 1.000000 29.000000
 1.033  5.150  0.337 163.000 1.000000 30.000000
 3.322 11.553  0.841 136.662 2.000000 1.000000
26.681  8.151  0.254 152.426 2.000000 2.000000
30.211 17.851  0.814 154.694 2.000000 3.000000
12.459 13.996  0.244 144.778 2.000000 4.000000
20.812  2.498  0.929 139.272 2.000000 5.000000
 6.377  8.489  0.350 188.241 2.000000 6.000000
13.616 12.193  0.197 134.677 2.000000 7.000000
26.329 14.117  0.251 137.744 2.000000 8.000000
21.936 14.950  0.616 128.254 2.000000 9.000000
26.976 12.879  0.473 150.673 2.000000 10.000000
20.285  5.211  0.352 118.479 2.000000 11.000000
22.111  1.318  0.917 141.713 2.000000 15.000000
22.495 17.070  0.757 157.088 2.000000 17.000000
12.992  4.278  0.754 175.256 2.000000 18.000000
19.058 12.753  0.380 154.608 2.000000 19.000000
19.568 12.171  0.076 153.269 2.000000 21.000000
 4.784  9.275  0.531 171.467 2.000000 23.000000
 1.031 16.269  0.934 162.766 2.000000 25.000000
18.027  9.195  0.569 142.518 2.000000 27.000000
 1.551  5.981  0.337 165.982 2.000000 30.000000
23.159 16.102  0.358 341.967 2.000000 31.000000
24.640  5.927  0.418 301.171 2.000000 32.000000
25.135  5.123  0.149 289.148 2.000000 33.000000
 2.843  8.537  0.442 281.870 2.000000 34.000000
23.159 16.102  0.358 341.967 2.000000 35.000000
 5.692  4.699  0.519 299.827 2.000000 36.000000
25.247  4.757  0.281 308.110 2.000000 37.000000
 1.916 14.331  0.841 143.353 3.000000 1.000000
24.245  8.671  0.254 145.420 3.000000 2.000000
28.715 15.310  0.814 148.490 3.000000 3.000000
10.357 12.087  0.244 138.376 3.000000 4.000000
17.616  1.258  0.929 139.098 3.000000 5.000000
 8.497  7.182  0.350 184.765 3.000000 6.000000
14.579 15.475  0.197 139.987 3.000000 7.000000
25.186 15.307  0.251 131.731 3.000000 8.000000
20.106 15.714  0.616 121.550 3.000000 9.000000
25.168 10.664  0.473 151.601 3.000000 10.000000
20.897  4.901  0.352 122.719 3.000000 11.000000
23.860  0.256  0.917 138.299 3.000000 15.000000
22.697 14.945  0.757 151.123 3.000000 17.000000
14.218  1.748  0.754 174.471 3.000000 18.000000
18.451 13.801  0.380 147.017 3.000000 19.000000
17.954  9.317  0.076 153.349 3.000000 21.000000
 2.914 14.719  0.934 163.829 3.000000 25.000000
15.210  7.445  0.569 134.355 3.000000 27.000000
 2.069  6.811  0.337 163.309 3.000000 30.000000
25.428 16.666  0.358 338.868 3.000000 31.000000
27.680  8.838  0.418 317.557 3.000000 32.000000
22.890  7.219  0.149 297.084 3.000000 33.000000
 1.018  7.018  0.442 281.387 3.000000 34.000000
23.835 18.230  0.358 355.399 3.000000 35.000000
22.148  6.904  0.281 304.891 3.000000 37.000000
 0.509 17.110  0.841 144.070 4.000000 1.000000
26.878 10.221  0.254 136.012 4.000000 2.000000
28.216 14.254  0.814 156.016 4.000000 3.000000
 8.255 10.179  0.244 143.699 4.000000 4.000000
14.420  0.018  0.929 136.667 4.000000 5.000000
 7.956 10.132  0.350 185.999 4.000000 6.000000
15.542 18.756  0.197 143.260 4.000000 7.000000
24.043 16.497  0.251 133.252 4.000000 8.000000
18.276 16.477  0.616 124.090 4.000000 9.000000
23.360  8.450  0.473 151.088 4.000000 10.000000
20.563  4.581  0.352 122.576 4.000000 11.000000
25.609  1.318  0.917 138.665 4.000000 15.000000
22.899 12.820  0.757 147.543 4.000000 17.000000
15.443  4.278  0.754 181.919 4.000000 18.000000
17.844 14.849  0.380 147.045 4.000000 19.000000
16.340  6.463  0.076 156.507 4.000000 21.000000
 1.496 17.437  0.934 159.627 4.000000 25.000000
12.392  5.696  0.569 130.021 4.000000 27.000000
 2.586  7.642  0.337 162.863 4.000000 30.000000
27.698 17.231  0.358 336.298 4.000000 31.000000
30.719 11.749  0.418 328.940 4.000000 32.000000
20.646  9.316  0.149 302.486 4.000000 33.000000
 2.843  5.498  0.442 285.950 4.000000 34.000000
24.512 16.102  0.358 339.993 4.000000 35.000000
21.979 11.192  0.281 296.039 4.000000 37.000000
 2.144 19.730  0.841 141.392 5.000000 1.000000
29.511 11.772  0.254 133.074 5.000000 2.000000
27.717 13.197  0.814 156.206 5.000000 3.000000
 6.153  8.270  0.244 140.859 5.000000 4.000000
11.223  1.258  0.929 134.081 5.000000 5.000000
 7.415 13.081  0.350 189.401 5.000000 6.000000
16.505 15.475  0.197 146.623 5.000000 7.000000
24.580 17.290  0.251 142.992 5.000000 8.000000
20.393 14.764  0.616 125.215 5.000000 9.000000
21.551  6.235  0.473 151.352 5.000000 10.000000
20.229  4.261  0.352 120.465 5.000000 11.000000
27.357  2.380  0.917 137.853 5.000000 15.000000
23.100 10.695  0.757 147.320 5.000000 17.000000
13.269  1.680  0.754 172.337 5.000000 18.000000
17.237 15.897  0.380 145.910 5.000000 19.000000
14.726  3.609  0.076 160.026 5.000000 21.000000
 0.077 14.719  0.934 156.894 5.000000 25.000000
10.608  3.942  0.569 131.949 5.000000 27.000000
 1.956  8.655  0.337 167.707 5.000000 30.000000
29.545 17.450  0.358 347.166 5.000000 31.000000
28.685 12.096  0.418 336.606 5.000000 32.000000
23.104  9.029  0.149 281.978 5.000000 33.000000
 4.668  3.979  0.442 281.108 5.000000 34.000000
21.230 14.339  0.358 349.188 5.000000 35.000000
21.809 15.480  0.281 299.545 5.000000 37.000000
 3.779 17.110  0.841 149.388 6.000000 1.000000
32.144 13.323  0.254 131.849 6.000000 2.000000
26.636 13.532  0.814 151.460 6.000000 3.000000
10.030 10.444  0.244 139.850 6.000000 4.000000
 6.874 16.030  0.350 187.541 6.000000 6.000000
19.115 13.021  0.197 148.714 6.000000 7.000000
25.216 17.372  0.251 142.434 6.000000 8.000000
19.894  3.941  0.352 115.685 6.000000 11.000000
29.106  3.442  0.917 134.298 6.000000 15.000000
11.095  4.278  0.754 169.669 6.000000 18.000000
16.631 16.945  0.380 141.160 6.000000 19.000000
13.113  0.755  0.076 156.631 6.000000 21.000000
 1.496 12.002  0.934 155.474 6.000000 25.000000
 1.327  9.668  0.337 167.610 6.000000 30.000000
26.652 12.443  0.418 326.879 6.000000 32.000000
21.639 19.767  0.281 286.203 6.000000 37.000000
21.666 12.474  0.687 264.057 6.000000 39.000000
 7.789  1.903  0.506 394.929 6.000000 42.000000
 7.391  2.058  0.686 399.867 6.000000 43.000000
19.010 14.953  0.646 153.000 6.000000 44.000000
 5.414 14.490  0.841 145.089 7.000000 1.000000
29.511 14.874  0.254 129.900 7.000000 2.000000
25.556 13.868  0.814 153.464 7.000000 3.000000
13.907 12.617  0.244 138.991 7.000000 4.000000
 6.333 18.980  0.350 182.039 7.000000 6.000000
21.724 10.567  0.197 141.697 7.000000 7.000000
25.852 17.455  0.251 140.852 7.000000 8.000000
19.560  3.622  0.352 114.917 7.000000 11.000000
26.727  4.781  0.917 132.142 7.000000 15.000000
 8.920  6.876  0.754 168.335 7.000000 18.000000
16.884 19.273  0.380 136.521 7.000000 19.000000
13.944  4.263  0.076 159.212 7.000000 21.000000
 2.914  9.284  0.934 145.331 7.000000 25.000000
 4.529  8.556  0.337 168.337 7.000000 30.000000
24.618 12.790  0.418 333.440 7.000000 32.000000
21.469 15.480  0.281 278.915 7.000000 37.000000
20.132 10.398  0.687 263.605 7.000000 39.000000
10.203  4.405  0.506 398.386 7.000000 42.000000
 8.863  4.781  0.686 392.494 7.000000 43.000000
20.638 18.146  0.646 152.937 7.000000 44.000000
 2.979 16.765  0.585 164.000 7.000000 45.000000
 7.049 11.870  0.841 145.823 8.000000 1.000000
24.476 14.203  0.814 146.320 8.000000 3.000000
17.785 14.791  0.244 142.607 8.000000 4.000000
 5.792 16.030  0.350 181.245 8.000000 6.000000
19.226  3.302  0.352 112.172 8.000000 11.000000
 6.746  9.474  0.754 170.445 8.000000 18.000000
17.136 16.945  0.380 139.879 8.000000 19.000000
14.776  7.771  0.076 155.131 8.000000 21.000000
 4.332  6.567  0.934 146.889 8.000000 25.000000
 7.731  7.445  0.337 182.217 8.000000 30.000000
21.299 11.192  0.281 282.546 8.000000 37.000000
18.598  8.322  0.687 261.788 8.000000 39.000000
12.616  6.906  0.506 388.501 8.000000 42.000000
10.335  7.504  0.686 382.697 8.000000 43.000000
 2.359 15.912  0.585 175.393 8.000000 45.000000
26.683 16.981  0.253 270.297 8.000000 46.000000
24.340  7.117  0.557 272.734 8.000000 47.000000
 8.685  9.249  0.841 146.494 9.000000 1.000000
21.160  5.046  0.352 107.984 9.000000 11.000000
17.389 14.617  0.380 133.102 9.000000 19.000000
15.608 11.280  0.076 165.584 9.000000 21.000000
 2.588  9.282  0.934 150.147 9.000000 25.000000
10.933  6.334  0.337 170.914 9.000000 30.000000
17.064  6.246  0.687 260.946 9.000000 39.000000
15.029  9.408  0.506 368.537 9.000000 42.000000
12.687  9.682  0.686 377.417 9.000000 43.000000
 1.740 15.059  0.585 181.133 9.000000 45.000000
27.239 16.031  0.253 268.968 9.000000 46.000000
22.529 15.752  0.529 278.403 9.000000 49.000000
 3.291 12.647  0.552 342.951 9.000000 50.000000
 4.656 18.189  0.900 155.000 9.000000 52.000000
23.848 12.217  0.193 160.000 9.000000 53.000000
11.010  7.755  0.841 139.677 10.000000 1.000000
23.094  6.790  0.352 110.997 10.000000 11.000000
16.439 14.788  0.076 166.271 10.000000 21.000000
 0.844 11.997  0.934 148.442 10.000000 25.000000
14.229  7.858  0.337 171.648 10.000000 30.000000
15.529  4.170  0.687 273.511 10.000000 39.000000
 2.333 14.595  0.585 182.049 10.000000 45.000000
30.338 16.083  0.253 259.927 10.000000 46.000000
25.182 17.303  0.529 281.750 10.000000 49.000000
 0.332 14.306  0.552 350.555 10.000000 50.000000
 5.070 18.551  0.900 159.185 10.000000 52.000000
24.940 11.149  0.193 152.650 10.000000 53.000000
 7.911  6.248  0.585 145.000 10.000000 55.000000
13.336  6.260  0.841 139.122 11.000000 1.000000
25.029  8.535  0.352 115.789 11.000000 11.000000
17.271 18.296  0.076 176.403 11.000000 21.000000
 2.588 14.712  0.934 144.086 11.000000 25.000000
17.525  9.382  0.337 168.347 11.000000 30.000000
17.150  5.323  0.687 277.782 11.000000 39.000000
 4.231 13.170  0.585 179.969 11.000000 45.000000
33.437 16.134  0.253 275.467 11.000000 46.000000
21.564 19.227  0.529 295.577 11.000000 49.000000
 3.291 15.965  0.552 356.434 11.000000 50.000000
 5.485 18.912  0.900 161.877 11.000000 52.000000
26.031 10.080  0.193 151.100 11.000000 53.000000
 8.543  5.598  0.585 148.322 11.000000 55.000000
 8.269  2.279  0.311 144.000 11.000000 56.000000
15.662  4.765  0.841 138.726 12.000000 1.000000
14.695 19.566  0.076 183.302 12.000000 21.000000
 4.332 17.427  0.934 143.542 12.000000 25.000000
20.822 10.906  0.337 165.333 12.000000 30.000000
18.770  6.476  0.687 265.110 12.000000 39.000000
 6.129 11.746  0.585 183.597 12.000000 45.000000
36.536 16.186  0.253 275.656 12.000000 46.000000
17.945 17.303  0.529 285.134 12.000000 49.000000
 6.597 17.101  0.552 352.856 12.000000 50.000000
 5.017 19.140  0.900 152.992 12.000000 52.000000
 9.176  4.949  0.585 147.548 12.000000 55.000000
10.514  4.161  0.311 151.047 12.000000 56.000000
27.043  9.645  0.273 273.644 12.000000 57.000000
17.987  3.270  0.841 135.359 13.000000 1.000000
12.118 18.296  0.076 189.687 13.000000 21.000000
 6.077 14.712  0.934 146.092 13.000000 25.000000
24.118 12.430  0.337 166.537 13.000000 30.000000
20.390  7.629  0.687 267.022 13.000000 39.000000
 8.027 10.322  0.585 179.072 13.000000 45.000000
33.437 16.237  0.253 283.868 13.000000 46.000000
19.089 17.027  0.529 288.097 13.000000 49.000000
 9.903 18.236  0.552 350.092 13.000000 50.000000
 4.549 19.368  0.900 152.145 13.000000 52.000000
 9.892  4.493  0.585 147.097 13.000000 55.000000
12.759  6.042  0.311 147.027 13.000000 56.000000
26.793  9.938  0.273 279.730 13.000000 57.000000
20.313  1.775  0.841 133.177 14.000000 1.000000
 9.542 17.025  0.076 191.557 14.000000 21.000000
 6.510 13.023  0.934 150.712 14.000000 25.000000
27.414 13.954  0.337 156.646 14.000000 30.000000
22.010  8.781  0.687 252.063 14.000000 39.000000
 9.926  8.898  0.585 169.228 14.000000 45.000000
30.338 16.289  0.253 291.095 14.000000 46.000000
20.233 16.751  0.529 291.599 14.000000 49.000000
13.209 19.372  0.552 342.714 14.000000 50.000000
 4.082 19.596  0.900 158.987 14.000000 52.000000
10.608  4.038  0.585 147.705 14.000000 55.000000
15.542  8.698  0.311 140.028 14.000000 56.000000
26.161 10.768  0.273 271.177 14.000000 57.000000
15.378  5.109  0.955 127.000 14.000000 58.000000
35.468 10.663  0.268 166.000 14.000000 59.000000
23.198  4.013  0.841 140.573 15.000000 1.000000
 6.966 15.754  0.076 180.652 15.000000 21.000000
 6.943 11.333  0.934 142.670 15.000000 25.000000
25.330 16.733  0.337 152.310 15.000000 30.000000
23.630  9.934  0.687 236.955 15.000000 39.000000
 8.500  5.974  0.585 167.415 15.000000 45.000000
32.838 18.877  0.253 288.157 15.000000 46.000000
21.377 16.475  0.529 293.789 15.000000 49.000000
16.514 18.236  0.552 345.657 15.000000 50.000000
 3.614 19.824  0.900 155.714 15.000000 52.000000
11.324  3.582  0.585 144.101 15.000000 55.000000
18.325 11.353  0.311 143.361 15.000000 56.000000
25.529 11.597  0.273 268.070 15.000000 57.000000
16.894  8.486  0.955 121.776 15.000000 58.000000
35.787 11.560  0.268 166.051 15.000000 59.000000
18.518 12.458  0.527 148.000 15.000000 60.000000
 0.541  4.622  0.725 147.000 15.000000 61.000000
26.082  6.252  0.841 132.925 16.000000 1.000000
 4.390 14.484  0.076 189.143 16.000000 21.000000
 7.377  9.644  0.934 146.293 16.000000 25.000000
26.100 16.952  0.337 152.813 16.000000 30.000000
22.462 12.830  0.687 228.701 16.000000 39.000000
 7.075  3.050  0.585 165.419 16.000000 45.000000
35.338 16.289  0.253 290.356 16.000000 46.000000
21.010 17.359  0.529 304.434 16.000000 49.000000
19.820 17.101  0.552 334.939 16.000000 50.000000
 3.146 19.596  0.900 161.764 16.000000 52.000000
12.040  3.126  0.585 156.068 16.000000 55.000000
24.897 12.427  0.273 271.840 16.000000 57.000000
18.410 11.864  0.955 119.374 16.000000 58.000000
36.106 12.457  0.268 157.498 16.000000 59.000000
 3.632  5.675  0.725 150.061 16.000000 61.000000
20.095 13.626  0.419 295.760 16.000000 62.000000
33.006  8.161  0.462 136.000 16.000000 63.000000
28.967  8.490  0.841 128.138 17.000000 1.000000
 3.526 13.933  0.076 190.085 17.000000 21.000000
 7.810  7.955  0.934 149.699 17.000000 25.000000
26.871 17.171  0.337 146.480 17.000000 30.000000
21.293 15.726  0.687 236.442 17.000000 39.000000
 5.649  0.125  0.585 177.654 17.000000 45.000000
20.642 18.242  0.529 285.560 17.000000 49.000000
21.919 14.826  0.552 334.210 17.000000 50.000000
 3.481 19.845  0.900 165.448 17.000000 52.000000
12.756  2.671  0.585 155.686 17.000000 55.000000
24.265 13.257  0.273 270.548 17.000000 57.000000
19.926 15.242  0.955 119.398 17.000000 58.000000
 7.316  3.322  0.725 142.661 17.000000 61.000000
31.797  8.168  0.462 137.194 17.000000 63.000000
18.672 12.472  0.419 171.000 17.000000 65.000000
18.672 12.472  0.419 138.793 17.000000 66.000000
31.851 10.729  0.841 133.444 18.000000 1.000000
 2.663 13.383  0.076 184.716 18.000000 21.000000
 8.244  6.265  0.934 153.116 18.000000 25.000000
27.642 17.390  0.337 147.526 18.000000 30.000000
 4.224  3.050  0.585 177.786 18.000000 45.000000
20.274 19.126  0.529 285.319 18.000000 49.000000
24.018 12.550  0.552 335.617 18.000000 50.000000
 3.817 19.596  0.900 166.627 18.000000 52.000000
13.682  3.150  0.585 152.549 18.000000 55.000000
23.633 14.087  0.273 262.066 18.000000 57.000000
21.442 18.620  0.955 122.857 18.000000 58.000000
31.594  7.232  0.462 143.016 18.000000 63.000000
17.049 10.168  0.419 166.259 18.000000 65.000000
17.370 15.573  0.419 136.319 18.000000 66.000000
 7.920  2.628  0.725 76.000 18.000000 67.000000
 7.920  2.628  0.725 65.720 18.000000 68.000000
 0.090 18.088  0.379 148.000 18.000000 69.000000
15.265 13.607  0.632 145.000 18.000000 70.000000
34.736 12.967  0.841 133.883 19.000000 1.000000
 1.800 12.832  0.076 176.120 19.000000 21.000000
10.426  9.288  0.934 151.485 19.000000 25.000000
28.413 17.609  0.337 153.716 19.000000 30.000000
 2.798  5.974  0.585 175.047 19.000000 45.000000
19.907 18.242  0.529 301.729 19.000000 49.000000
26.116 10.275  0.552 343.454 19.000000 50.000000
 4.152 19.347  0.900 165.395 19.000000 52.000000
14.609  3.628  0.585 148.414 19.000000 55.000000
22.971 15.230  0.273 258.167 19.000000 57.000000
22.958 15.242  0.955 124.237 19.000000 58.000000
31.392  6.296  0.462 132.845 19.000000 63.000000
15.425  7.864  0.419 169.327 19.000000 65.000000
16.068 18.674  0.419 137.462 19.000000 66.000000
 6.987  2.271  0.725 77.867 19.000000 67.000000
 8.663  2.121  0.725 69.757 19.000000 68.000000
 0.793 17.603  0.379 146.563 19.000000 69.000000
15.292 12.115  0.632 140.735 19.000000 70.000000
37.909 14.446  0.841 130.390 20.000000 1.000000
 0.937 12.282  0.076 174.857 20.000000 21.000000
12.609 12.311  0.934 144.323 20.000000 25.000000
29.394 17.692  0.337 162.135 20.000000 30.000000
 3.539  5.627  0.585 176.120 20.000000 45.000000
28.215  8.000  0.552 344.697 20.000000 50.000000
15.535  4.107  0.585 151.007 20.000000 55.000000
21.323 13.115  0.955 124.394 20.000000 58.000000
31.189  5.360  0.462 134.287 20.000000 63.000000
13.889 11.977  0.419 173.663 20.000000 65.000000
13.873 16.133  0.419 134.122 20.000000 66.000000
 6.054  1.915  0.725 74.440 20.000000 67.000000
 9.407  1.615  0.725 69.539 20.000000 68.000000
 1.497 17.118  0.379 142.944 20.000000 69.000000
13.359 10.771  0.632 142.529 20.000000 70.000000
41.082 15.924  0.841 131.029 21.000000 1.000000
 0.073 11.731  0.076 170.584 21.000000 21.000000
11.701 12.154  0.934 146.071 21.000000 25.000000
30.376 17.776  0.337 165.813 21.000000 30.000000
 4.279  5.280  0.585 187.661 21.000000 45.000000
30.314  5.724  0.552 343.727 21.000000 50.000000
16.461  4.586  0.585 149.674 21.000000 55.000000
19.688 10.988  0.955 122.510 21.000000 58.000000
30.986  4.424  0.462 126.524 21.000000 63.000000
12.352 16.090  0.419 176.380 21.000000 65.000000
 5.122  1.558  0.725 73.837 21.000000 67.000000
10.150  1.108  0.725 68.966 21.000000 68.000000
 2.200 16.633  0.379 146.569 21.000000 69.000000
14.029  9.847  0.632 130.680 21.000000 70.000000
11.678 13.592  0.419 56.000 21.000000 72.000000
11.678 13.592  0.419 69.856 21.000000 73.000000
37.909 17.402  0.841 131.893 22.000000 1.000000
 0.365 11.161  0.076 175.529 22.000000 21.000000
10.792 11.997  0.934 147.605 22.000000 25.000000
31.357 17.859  0.337 170.299 22.000000 30.000000
 5.020  4.933  0.585 199.603 22.000000 45.000000
33.100  5.592  0.552 356.602 22.000000 50.000000
17.388  5.064  0.585 144.631 22.000000 55.000000
18.053  8.861  0.955 119.459 22.000000 58.000000
30.783  3.488  0.462 126.062 22.000000 63.000000
12.754 15.739  0.419 172.980 22.000000 65.000000
 4.779  2.478  0.725 73.662 22.000000 67.000000
11.348  1.737  0.725 71.507 22.000000 68.000000
 2.573 17.288  0.379 144.232 22.000000 69.000000
14.699  8.923  0.632 129.558 22.000000 70.000000
13.284 15.842  0.419 55.618 22.000000 72.000000
12.661 11.339  0.419 71.270 22.000000 73.000000
 0.657 10.591  0.076 170.962 23.000000 21.000000
 9.884 11.840  0.934 142.999 23.000000 25.000000
 5.761  4.587  0.585 198.157 23.000000 45.000000
32.608  4.954  0.552 338.105 23.000000 50.000000
17.666  5.582  0.585 142.513 23.000000 55.000000
31.554  3.921  0.462 124.027 23.000000 63.000000
13.155 15.388  0.419 182.203 23.000000 65.000000
 4.436  3.399  0.725 71.940 23.000000 67.000000
12.546  2.365  0.725 69.891 23.000000 68.000000
 2.946 17.944  0.379 139.762 23.000000 69.000000
14.890 18.092  0.419 54.650 23.000000 72.000000
13.643  9.087  0.419 72.162 23.000000 73.000000
33.537 18.412  0.589 306.678 23.000000 74.000000
15.894  7.366  0.793 257.341 23.000000 75.000000
35.804  6.450  0.976 156.000 23.000000 76.000000
 0.948 10.021  0.076 174.470 24.000000 21.000000
 6.501  4.240  0.585 197.096 24.000000 45.000000
32.116  4.316  0.552 343.255 24.000000 50.000000
17.944  6.100  0.585 141.188 24.000000 55.000000
32.324  4.354  0.462 122.559 24.000000 63.000000
13.557 15.037  0.419 180.728 24.000000 65.000000
 4.094  4.319  0.725 71.750 24.000000 67.000000
 3.319 18.599  0.379 150.377 24.000000 69.000000
16.496 15.842  0.419 52.644 24.000000 72.000000
34.469 18.932  0.589 308.941 24.000000 74.000000
19.016  4.590  0.793 256.950 24.000000 75.000000
34.717  6.370  0.976 152.583 24.000000 76.000000
14.938  5.829  0.572 139.750 24.000000 77.000000
 1.240  9.450  0.076 178.268 25.000000 21.000000
 5.616  4.808  0.585 189.839 25.000000 45.000000
31.624  3.678  0.552 345.221 25.000000 50.000000
18.222  6.617  0.585 138.075 25.000000 55.000000
33.094  4.787  0.462 125.458 25.000000 63.000000
14.379 14.399  0.419 170.072 25.000000 65.000000
 3.751  5.240  0.725 67.540 25.000000 67.000000
 3.692 19.255  0.379 157.705 25.000000 69.000000
18.171 17.265  0.419 52.408 25.000000 72.000000
35.449 19.596  0.589 290.699 25.000000 74.000000
21.117  6.529  0.793 243.953 25.000000 75.000000
34.901  5.461  0.976 152.185 25.000000 76.000000
12.774  8.512  0.572 141.039 25.000000 77.000000
 1.531  8.880  0.076 182.165 26.000000 21.000000
31.132  3.040  0.552 336.643 26.000000 50.000000
18.500  7.135  0.585 150.037 26.000000 55.000000
33.864  5.220  0.462 128.917 26.000000 63.000000
15.201 13.761  0.419 172.143 26.000000 65.000000
 4.065 19.910  0.379 146.087 26.000000 69.000000
19.846 18.688  0.419 52.265 26.000000 72.000000
36.430 18.932  0.589 290.484 26.000000 74.000000
23.218  8.467  0.793 245.416 26.000000 75.000000
35.084  4.551  0.976 147.445 26.000000 76.000000
14.038  7.868  0.572 143.278 26.000000 77.000000
 4.070  5.768  0.655 264.720 26.000000 78.000000
 2.136  8.255  0.076 174.040 27.000000 21.000000
31.634  3.420  0.552 331.405 27.000000 50.000000
18.778  7.653  0.585 146.916 27.000000 55.000000
16.023 13.123  0.419 179.657 27.000000 65.000000
 4.525 19.440  0.379 150.625 27.000000 69.000000
21.521 17.265  0.419 53.906 27.000000 72.000000
37.410 18.268  0.589 296.377 27.000000 74.000000
25.319 10.406  0.793 249.440 27.000000 75.000000
15.303  7.225  0.572 140.141 27.000000 77.000000
 4.817  5.377  0.655 271.337 27.000000 78.000000
34.951  4.647  0.719 281.913 27.000000 79.000000
18.756 19.183  0.750 170.000 27.000000 80.000000
 2.740  7.630  0.076 178.855 28.000000 21.000000
32.136  3.799  0.552 346.761 28.000000 50.000000
18.085  7.147  0.585 142.467 28.000000 55.000000
16.845 12.484  0.419 184.274 28.000000 65.000000
 4.986 18.969  0.379 152.095 28.000000 69.000000
23.196 15.842  0.419 55.932 28.000000 72.000000
38.391 17.604  0.589 298.334 28.000000 74.000000
25.544  9.528  0.793 255.540 28.000000 75.000000
16.568  6.582  0.572 144.932 28.000000 77.000000
 5.565  4.986  0.655 267.986 28.000000 78.000000
35.277  4.158  0.719 278.014 28.000000 79.000000
20.156 15.830  0.750 163.222 28.000000 80.000000
 3.345  7.006  0.076 185.423 29.000000 21.000000
32.638  4.178  0.552 350.144 29.000000 50.000000
17.391  6.641  0.585 140.633 29.000000 55.000000
17.667 11.846  0.419 184.338 29.000000 65.000000
 5.446 18.499  0.379 155.432 29.000000 69.000000
24.871 14.419  0.419 54.475 29.000000 72.000000
39.371 16.940  0.589 306.641 29.000000 74.000000
25.768  8.651  0.793 260.886 29.000000 75.000000
17.832  5.938  0.572 144.735 29.000000 77.000000
 6.277  6.209  0.655 269.523 29.000000 78.000000
34.479  4.205  0.719 272.770 29.000000 79.000000
19.986 15.714  0.750 159.027 29.000000 80.000000
19.512 12.858  0.214 150.000 29.000000 81.000000
 3.949  6.381  0.076 186.331 30.000000 21.000000
33.139  4.558  0.552 342.569 30.000000 50.000000
16.698  6.135  0.585 142.366 30.000000 55.000000
16.395 12.587  0.419 177.632 30.000000 65.000000
 5.906 18.028  0.379 152.756 30.000000 69.000000
25.350 16.400  0.419 54.648 30.000000 72.000000
40.178 17.629  0.589 301.075 30.000000 74.000000
24.560  8.340  0.793 264.187 30.000000 75.000000
19.097  5.295  0.572 143.160 30.000000 77.000000
 6.989  7.431  0.655 262.455 30.000000 78.000000
33.680  4.252  0.719 280.393 30.000000 79.000000
19.816 15.599  0.750 161.890 30.000000 80.000000
19.867 13.105  0.214 152.571 30.000000 81.000000
43.330 19.479  0.585 147.000 30.000000 82.000000
 4.554  5.756  0.076 188.191 31.000000 21.000000
33.641  4.937  0.552 344.015 31.000000 50.000000
16.005  5.629  0.585 149.105 31.000000 55.000000
15.123 13.328  0.419 178.109 31.000000 65.000000
 6.366 17.558  0.379 149.672 31.000000 69.000000
25.829 18.381  0.419 56.175 31.000000 72.000000
40.985 18.318  0.589 297.842 31.000000 74.000000
23.352  8.030  0.793 265.789 31.000000 75.000000
21.472  9.948  0.572 146.923 31.000000 77.000000
 7.702  8.654  0.655 268.817 31.000000 78.000000
32.882  4.299  0.719 266.906 31.000000 79.000000
19.074 14.704  0.750 150.418 31.000000 80.000000
20.223 13.353  0.214 149.359 31.000000 81.000000
43.656 18.166  0.585 154.285 31.000000 82.000000
43.654  1.157  0.437 147.000 31.000000 83.000000
 5.221  6.214  0.076 191.269 32.000000 21.000000
33.750  5.599  0.552 346.605 32.000000 50.000000
15.311  5.123  0.585 147.348 32.000000 55.000000
13.851 14.069  0.419 174.786 32.000000 65.000000
 7.350 18.178  0.379 144.327 32.000000 69.000000
26.308 16.400  0.419 53.010 32.000000 72.000000
23.846 14.601  0.572 143.777 32.000000 77.000000
 8.414  9.877  0.655 281.596 32.000000 78.000000
32.084  4.347  0.719 259.793 32.000000 79.000000
18.331 13.810  0.750 160.079 32.000000 80.000000
20.188 12.125  0.214 146.258 32.000000 81.000000
44.163  0.739  0.437 153.328 32.000000 83.000000
22.144  7.720  0.793 141.000 32.000000 85.000000
22.144  7.720  0.793 130.987 32.000000 86.000000
 5.888  6.673  0.076 184.184 33.000000 21.000000
36.347  3.071  0.552 334.611 33.000000 50.000000
14.369  4.531  0.585 146.865 33.000000 55.000000
12.579 14.810  0.419 172.037 33.000000 65.000000
 8.334 18.799  0.379 152.602 33.000000 69.000000
26.787 14.419  0.419 52.897 33.000000 72.000000
26.221 19.254  0.572 146.200 33.000000 77.000000
 9.126 11.099  0.655 286.446 33.000000 78.000000
31.286  4.394  0.719 262.691 33.000000 79.000000
44.229  0.999  0.437 147.973 33.000000 83.000000
23.192  8.030  0.793 147.917 33.000000 85.000000
21.733  8.369  0.793 133.684 33.000000 86.000000
18.198 12.848  0.482 312.716 33.000000 87.000000
 6.555  7.132  0.076 180.957 34.000000 21.000000
38.943  0.543  0.552 336.965 34.000000 50.000000
13.428  3.940  0.585 148.005 34.000000 55.000000
11.307 15.550  0.419 175.152 34.000000 65.000000
 9.317 19.419  0.379 162.770 34.000000 69.000000
 9.316 10.401  0.655 287.613 34.000000 78.000000
30.502  5.128  0.719 262.391 34.000000 79.000000
44.295  1.260  0.437 144.896 34.000000 83.000000
21.443  8.337  0.793 147.351 34.000000 85.000000
21.322  9.019  0.793 136.412 34.000000 86.000000
19.349 12.132  0.482 316.714 34.000000 87.000000
27.931 13.519  0.496 199.456 34.000000 88.000000
 7.222  7.590  0.076 182.476 35.000000 21.000000
41.539  3.071  0.552 322.130 35.000000 50.000000
12.486  3.349  0.585 144.935 35.000000 55.000000
11.882 15.153  0.419 170.592 35.000000 65.000000
10.301 18.799  0.379 160.267 35.000000 69.000000
 9.505  9.703  0.655 280.865 35.000000 78.000000
29.718  5.862  0.719 265.743 35.000000 79.000000
44.361  1.521  0.437 149.293 35.000000 83.000000
22.978  5.727  0.793 146.243 35.000000 85.000000
22.670 11.728  0.793 138.680 35.000000 86.000000
20.500 11.416  0.482 323.925 35.000000 87.000000
28.818 14.797  0.496 200.257 35.000000 88.000000
 7.890  8.049  0.076 192.083 36.000000 21.000000
44.135  5.599  0.552 305.660 36.000000 50.000000
11.544  2.758  0.585 146.977 36.000000 55.000000
12.458 14.756  0.419 170.314 36.000000 65.000000
11.285 18.178  0.379 156.667 36.000000 69.000000
 9.695  9.005  0.655 286.904 36.000000 78.000000
28.934  6.597  0.719 265.699 36.000000 79.000000
44.427  1.782  0.437 154.668 36.000000 83.000000
24.512  3.118  0.793 141.707 36.000000 85.000000
24.018 14.437  0.793 135.154 36.000000 86.000000
21.651 10.700  0.482 328.137 36.000000 87.000000
31.353 17.565  0.496 194.925 36.000000 88.000000
 8.031  8.649  0.076 193.867 37.000000 21.000000
41.731  4.579  0.552 301.175 37.000000 50.000000
10.602  2.166  0.585 143.913 37.000000 55.000000
13.033 14.358  0.419 169.392 37.000000 65.000000
10.764 19.452  0.379 162.571 37.000000 69.000000
 9.884  8.307  0.655 303.350 37.000000 78.000000
30.589 10.454  0.719 265.916 37.000000 79.000000
44.493  2.043  0.437 156.650 37.000000 83.000000
26.047  0.508  0.793 143.081 37.000000 85.000000
25.366 17.146  0.793 128.468 37.000000 86.000000
20.881 11.217  0.482 329.518 37.000000 87.000000
33.887 14.797  0.496 192.012 37.000000 88.000000
 8.172  9.249  0.076 191.077 38.000000 21.000000
39.327  3.559  0.552 308.625 38.000000 50.000000
10.591  1.526  0.585 143.652 38.000000 55.000000
13.609 13.961  0.419 165.292 38.000000 65.000000
10.244 18.178  0.379 170.925 38.000000 69.000000
10.074  7.609  0.655 311.651 38.000000 78.000000
32.245 14.311  0.719 277.793 38.000000 79.000000
43.836  1.481  0.437 156.525 38.000000 83.000000
27.582  3.118  0.793 151.305 38.000000 85.000000
26.714 19.855  0.793 132.013 38.000000 86.000000
20.111 11.733  0.482 311.644 38.000000 87.000000
36.422 12.029  0.496 184.724 38.000000 88.000000
36.924  2.539  0.552 297.180 39.000000 50.000000
10.579  0.885  0.585 143.436 39.000000 55.000000
14.185 13.564  0.419 163.365 39.000000 65.000000
 9.723 16.904  0.379 169.326 39.000000 69.000000
34.009 15.330  0.719 275.315 39.000000 79.000000
43.179  0.919  0.437 148.555 39.000000 83.000000
29.116  5.727  0.793 148.587 39.000000 85.000000
28.062 17.146  0.793 129.940 39.000000 86.000000
19.341 12.249  0.482 295.602 39.000000 87.000000
38.957  9.261  0.496 189.632 39.000000 88.000000
28.788  3.582  0.634 146.000 39.000000 90.000000
34.520  1.519  0.552 284.244 40.000000 50.000000
10.568  0.244  0.585 149.979 40.000000 55.000000
14.378 13.769  0.419 151.371 40.000000 65.000000
 9.203 15.630  0.379 162.772 40.000000 69.000000
34.647 15.999  0.719 258.924 40.000000 79.000000
42.522  0.357  0.437 142.570 40.000000 83.000000
26.410 15.883  0.793 132.288 40.000000 86.000000
18.572 12.766  0.482 295.961 40.000000 87.000000
41.491  6.493  0.496 183.767 40.000000 88.000000
31.402  6.242  0.714 276.444 40.000000 91.000000
32.116  0.499  0.552 294.524 41.000000 50.000000
12.351  3.629  0.585 155.546 41.000000 55.000000
14.571 13.974  0.419 162.814 41.000000 65.000000
 8.683 14.356  0.379 160.919 41.000000 69.000000
35.286 16.667  0.719 255.232 41.000000 79.000000
41.865  0.919  0.437 149.737 41.000000 83.000000
24.758 14.620  0.793 129.357 41.000000 86.000000
17.802 13.282  0.482 279.842 41.000000 87.000000
43.175  4.841  0.496 184.245 41.000000 88.000000
28.995  4.332  0.714 280.593 41.000000 91.000000
21.909  6.250  0.694 154.000 41.000000 92.000000
35.100  2.224  0.552 276.097 42.000000 50.000000
14.135  7.015  0.585 153.496 42.000000 55.000000
 9.851 14.088  0.379 165.875 42.000000 69.000000
35.925 17.336  0.719 265.071 42.000000 79.000000
41.207  1.481  0.437 154.233 42.000000 83.000000
23.106 13.358  0.793 133.523 42.000000 86.000000
44.859  3.190  0.496 192.726 42.000000 88.000000
26.589  2.422  0.714 282.071 42.000000 91.000000
18.310  4.642  0.694 151.800 42.000000 92.000000
16.019 13.891  0.451 227.000 42.000000 94.000000
16.019 13.891  0.451 235.033 42.000000 95.000000
38.083  3.948  0.552 267.534 43.000000 50.000000
15.750  8.483  0.585 156.276 43.000000 55.000000
11.019 13.819  0.379 167.115 43.000000 69.000000
36.563 18.005  0.719 268.582 43.000000 79.000000
41.695  2.112  0.437 154.108 43.000000 83.000000
21.453 12.095  0.793 130.550 43.000000 86.000000
46.543  1.538  0.496 192.233 43.000000 88.000000
29.647  0.469  0.714 271.205 43.000000 91.000000
14.711  3.034  0.694 150.258 43.000000 92.000000
16.684 13.033  0.451 242.712 43.000000 94.000000
14.000 16.864  0.294 161.000 43.000000 96.000000
41.067  5.672  0.552 273.592 44.000000 50.000000
17.365  9.951  0.585 156.269 44.000000 55.000000
12.187 13.550  0.379 173.402 44.000000 69.000000
35.633 17.924  0.719 264.176 44.000000 79.000000
42.182  2.743  0.437 150.708 44.000000 83.000000
19.801 10.832  0.793 127.589 44.000000 86.000000
48.227  3.190  0.496 203.621 44.000000 88.000000
32.705  2.422  0.714 268.522 44.000000 91.000000
17.238  2.210  0.694 143.005 44.000000 92.000000
17.348 12.175  0.451 249.619 44.000000 94.000000
12.676 19.116  0.294 161.121 44.000000 96.000000
44.050  7.396  0.552 267.594 45.000000 50.000000
18.981 11.420  0.585 162.727 45.000000 55.000000
13.355 13.281  0.379 177.944 45.000000 69.000000
34.704 17.843  0.719 260.012 45.000000 79.000000
42.669  3.374  0.437 147.376 45.000000 83.000000
49.911  4.841  0.496 203.813 45.000000 88.000000
35.763  4.374  0.714 270.014 45.000000 91.000000
19.766  1.387  0.694 144.504 45.000000 92.000000
11.353 16.864  0.294 166.384 45.000000 96.000000
17.102 11.981  0.622 377.898 45.000000 97.000000
47.034  9.121  0.552 276.839 46.000000 50.000000
20.596 12.888  0.585 168.356 46.000000 55.000000
14.523 13.013  0.379 175.138 46.000000 69.000000
33.774 17.761  0.719 263.362 46.000000 79.000000
43.157  4.005  0.437 147.936 46.000000 83.000000
53.498  3.245  0.496 216.745 46.000000 88.000000
38.821  6.327  0.714 261.961 46.000000 91.000000
22.294  0.563  0.694 137.635 46.000000 92.000000
10.029 14.611  0.294 167.935 46.000000 96.000000
17.763 11.295  0.622 366.905 46.000000 97.000000
16.634 12.446  0.716 146.000 46.000000 98.000000
50.620 10.353  0.552 276.297 47.000000 50.000000
22.212 14.356  0.585 160.343 47.000000 55.000000
32.844 17.680  0.719 268.854 47.000000 79.000000
57.084  1.649  0.496 218.662 47.000000 88.000000
41.879  8.280  0.714 267.501 47.000000 91.000000
24.822  1.387  0.694 132.880 47.000000 92.000000
11.366 12.073  0.294 177.303 47.000000 96.000000
18.423 10.608  0.622 393.008 47.000000 97.000000
14.949 11.064  0.547 325.129 47.000000 99.000000
43.644  4.636  0.437 74.000 47.000000 100.000000
43.644  4.636  0.437 81.248 47.000000 101.000000
54.205 11.586  0.552 277.578 48.000000 50.000000
23.670 12.325  0.585 158.255 48.000000 55.000000
31.914 17.599  0.719 269.156 48.000000 79.000000
53.498  0.053  0.496 217.947 48.000000 88.000000
38.993  8.182  0.714 282.203 48.000000 91.000000
27.349  2.210  0.694 128.468 48.000000 92.000000
12.704  9.535  0.294 174.317 48.000000 96.000000
18.926 11.015  0.622 396.107 48.000000 97.000000
14.359 11.958  0.547 343.214 48.000000 99.000000
43.135  4.213  0.437 74.571 48.000000 100.000000
45.682  7.656  0.437 83.957 48.000000 101.000000
57.791 12.818  0.552 274.141 49.000000 50.000000
25.128 10.293  0.585 156.115 49.000000 55.000000
33.360 16.904  0.719 258.554 49.000000 79.000000
49.911  1.649  0.496 210.271 49.000000 88.000000
25.747  5.753  0.694 129.855 49.000000 92.000000
13.769 12.852  0.547 338.260 49.000000 99.000000
42.626  3.791  0.437 76.371 49.000000 100.000000
47.720 10.677  0.437 83.946 49.000000 101.000000
36.108  8.085  0.714 148.000 49.000000 102.000000
36.108  8.085  0.714 129.304 49.000000 103.000000
14.041  6.997  0.294 75.000 49.000000 104.000000
14.041  6.997  0.294 88.532 49.000000 105.000000
54.205 14.050  0.552 273.074 50.000000 50.000000
34.805 16.208  0.719 269.940 50.000000 79.000000
46.324  3.245  0.496 216.068 50.000000 88.000000
13.180 13.746  0.547 349.169 50.000000 99.000000
42.117  3.368  0.437 78.915 50.000000 100.000000
49.757 13.698  0.437 81.997 50.000000 101.000000
39.144  7.003  0.714 127.866 50.000000 103.000000
13.433  8.277  0.294 77.814 50.000000 104.000000
16.389  3.219  0.294 85.180 50.000000 105.000000
25.366  8.778  0.639 278.154 50.000000 106.000000
43.711  3.132  0.435 154.000 50.000000 107.000000
