14.189 95.929  0.826 73.000 1.000000 1.000000
42.176 54.722  0.538 99.000 1.000000 2.000000
91.574 13.862  0.996 107.000 1.000000 3.000000
79.221 14.929  0.078 90.000 1.000000 4.000000
95.949 25.751  0.443 125.000 1.000000 5.000000
65.574 84.072  0.107 95.000 1.000000 6.000000
 3.571 25.428  0.962 99.000 1.000000 7.000000
84.913 81.428  0.005 102.000 1.000000 8.000000
93.399 24.352  0.775 94.000 1.000000 9.000000
67.874 92.926  0.817 98.000 1.000000 10.000000
75.774 34.998  0.869 112.000 1.000000 11.000000
74.313 19.660  0.084 91.000 1.000000 12.000000
39.223 25.108  0.400 89.000 1.000000 13.000000
65.548 61.604  0.260 98.000 1.000000 14.000000
17.119 47.329  0.800 106.000 1.000000 15.000000
70.605 35.166  0.431 103.000 1.000000 16.000000
 3.183 83.083  0.911 94.000 1.000000 17.000000
27.692 58.526  0.182 92.000 1.000000 18.000000
 4.617 54.972  0.264 94.000 1.000000 19.000000
 9.713 91.719  0.146 111.000 1.000000 20.000000
82.346 28.584  0.136 96.000 1.000000 21.000000
69.483 75.720  0.869 100.000 1.000000 22.000000
31.710 75.373  0.580 105.000 1.000000 23.000000
95.022 38.045  0.550 100.000 1.000000 24.000000
 3.445 56.782  0.145 82.000 1.000000 25.000000
43.874  7.585  0.853 104.000 1.000000 26.000000
38.156  5.395  0.622 116.000 1.000000 27.000000
76.552 53.080  0.351 104.000 1.000000 28.000000
79.520 77.917  0.513 98.000 1.000000 29.000000
18.687 93.401  0.402 84.000 1.000000 30.000000
48.976 12.991  0.076 100.000 1.000000 31.000000
44.559 56.882  0.240 100.000 1.000000 32.000000
64.631 46.939  0.123 101.000 1.000000 33.000000
70.936  1.190  0.184 91.000 1.000000 34.000000
75.469 33.712  0.240 110.000 1.000000 35.000000
27.603 16.218  0.417 103.000 1.000000 36.000000
67.970 79.428  0.050 104.000 1.000000 37.000000
65.510 31.122  0.903 119.000 1.000000 38.000000
16.261 52.853  0.945 88.000 1.000000 39.000000
11.900 16.565  0.491 96.000 1.000000 40.000000
49.836 60.198  0.489 100.000 1.000000 41.000000
95.974 26.297  0.338 113.000 1.000000 42.000000
34.039 65.408  0.900 85.000 1.000000 43.000000
58.527 68.921  0.369 99.000 1.000000 44.000000
22.381 74.815  0.111 99.000 1.000000 45.000000
75.127 45.054  0.780 94.000 1.000000 46.000000
25.510  8.382  0.390 113.000 1.000000 47.000000
50.596 22.898  0.242 130.000 1.000000 48.000000
69.908 91.334  0.404 95.000 1.000000 49.000000
89.090 15.238  0.096 117.000 1.000000 50.000000
13.541 95.796  0.826 73.146 2.000000 1.000000
42.020 54.566  0.538 94.131 2.000000 2.000000
92.406 13.539  0.996 99.217 2.000000 3.000000
78.281 14.787  0.078 89.234 2.000000 4.000000
95.497 25.846  0.443 129.297 2.000000 5.000000
65.283 83.964  0.107 95.516 2.000000 6.000000
 3.548 25.058  0.962 99.161 2.000000 7.000000
84.520 81.689  0.005 104.105 2.000000 8.000000
93.645 23.890  0.775 90.071 2.000000 9.000000
67.513 92.974  0.817 102.191 2.000000 10.000000
75.821 35.170  0.869 108.997 2.000000 11.000000
39.481 25.185  0.400 89.101 2.000000 13.000000
65.149 61.553  0.260 96.931 2.000000 14.000000
17.614 47.410  0.800 106.476 2.000000 15.000000
70.040 35.234  0.431 96.991 2.000000 16.000000
 3.096 83.037  0.911 98.297 2.000000 17.000000
27.835 57.526  0.182 93.506 2.000000 18.000000
 4.567 54.922  0.264 99.668 2.000000 19.000000
 9.519 91.703  0.146 115.718 2.000000 20.000000
82.605 28.712  0.136 96.033 2.000000 21.000000
69.636 75.637  0.869 97.183 2.000000 22.000000
31.431 75.403  0.580 99.522 2.000000 23.000000
95.056 37.966  0.550 100.051 2.000000 24.000000
 3.437 56.773  0.145 82.539 2.000000 25.000000
44.140  7.706  0.853 107.263 2.000000 26.000000
38.658  6.095  0.622 112.691 2.000000 27.000000
76.570 52.795  0.351 106.480 2.000000 28.000000
80.497 78.281  0.513 98.210 2.000000 29.000000
19.468 92.383  0.402 82.050 2.000000 30.000000
48.811 12.760  0.076 102.322 2.000000 31.000000
44.600 57.026  0.240 100.797 2.000000 32.000000
64.817 47.433  0.123 100.288 2.000000 33.000000
71.735  1.077  0.184 96.125 2.000000 34.000000
75.830 33.564  0.240 112.010 2.000000 35.000000
27.952 16.385  0.417 102.659 2.000000 36.000000
68.125 79.331  0.050 104.866 2.000000 37.000000
65.752 31.183  0.903 119.311 2.000000 38.000000
16.296 53.403  0.945 88.458 2.000000 39.000000
12.074 16.303  0.491 97.306 2.000000 40.000000
49.885 60.245  0.489 98.189 2.000000 41.000000
95.715 25.948  0.338 110.298 2.000000 42.000000
34.171 65.245  0.900 85.920 2.000000 43.000000
59.030 70.330  0.369 104.599 2.000000 44.000000
22.384 75.120  0.111 98.089 2.000000 45.000000
75.297 44.682  0.780 91.144 2.000000 46.000000
25.520  7.728  0.390 112.191 2.000000 47.000000
49.811 23.217  0.242 128.112 2.000000 48.000000
69.852 91.944  0.404 94.067 2.000000 49.000000
89.009 15.342  0.096 118.669 2.000000 50.000000
75.312 18.620  0.084 45.323 2.000000 51.000000
75.312 18.620  0.084 44.689 2.000000 52.000000
97.179 98.797  0.864 98.669 2.000000 53.000000
12.879 95.690  0.826 72.299 3.000000 1.000000
41.855 54.409  0.538 97.848 3.000000 2.000000
93.288 13.325  0.996 96.846 3.000000 3.000000
77.344 14.571  0.078 89.596 3.000000 4.000000
95.068 25.997  0.443 130.917 3.000000 5.000000
64.989 83.873  0.107 97.866 3.000000 6.000000
 3.525 24.681  0.962 96.620 3.000000 7.000000
67.167 93.028  0.817 103.286 3.000000 10.000000
64.754 61.490  0.260 104.923 3.000000 14.000000
18.108 47.471  0.800 101.643 3.000000 15.000000
69.493 35.311  0.431 98.254 3.000000 16.000000
 3.006 82.998  0.911 97.620 3.000000 17.000000
27.961 56.548  0.182 91.186 3.000000 18.000000
 4.520 54.869  0.264 97.180 3.000000 19.000000
 9.323 91.687  0.146 117.446 3.000000 20.000000
82.866 28.838  0.136 102.704 3.000000 21.000000
69.802 75.588  0.869 94.868 3.000000 22.000000
31.155 75.439  0.580 101.138 3.000000 23.000000
95.077 37.884  0.550 98.373 3.000000 24.000000
 3.430 56.764  0.145 87.433 3.000000 25.000000
44.422  7.816  0.853 109.016 3.000000 26.000000
39.178  6.802  0.622 112.224 3.000000 27.000000
76.599 52.513  0.351 108.460 3.000000 28.000000
81.489 78.657  0.513 98.194 3.000000 29.000000
48.653 12.542  0.076 105.721 3.000000 31.000000
44.638 57.159  0.240 100.236 3.000000 32.000000
64.979 47.908  0.123 96.914 3.000000 33.000000
72.519  0.911  0.184 96.836 3.000000 34.000000
68.275 79.226  0.050 109.777 3.000000 37.000000
65.987 31.252  0.903 115.028 3.000000 38.000000
16.303 53.943  0.945 87.815 3.000000 39.000000
12.241 16.029  0.491 100.240 3.000000 40.000000
49.935 60.293  0.489 92.533 3.000000 41.000000
34.323 65.097  0.900 87.532 3.000000 43.000000
59.549 71.736  0.369 106.961 3.000000 44.000000
22.365 75.419  0.111 98.717 3.000000 45.000000
75.402 44.288  0.780 89.038 3.000000 46.000000
25.794  7.135  0.390 112.167 3.000000 47.000000
49.090 23.571  0.242 128.470 3.000000 48.000000
69.798 92.550  0.404 96.706 3.000000 49.000000
88.913 15.437  0.096 121.031 3.000000 50.000000
74.609 18.707  0.084 44.846 3.000000 51.000000
74.591 18.747  0.084 46.860 3.000000 52.000000
97.825 99.095  0.864 98.518 3.000000 53.000000
94.624 24.472  0.556 195.484 3.000000 54.000000
76.018 34.364  0.554 218.100 3.000000 55.000000
83.735 82.292  0.005 53.393 3.000000 57.000000
39.992 25.349  0.400 44.811 3.000000 58.000000
39.992 25.349  0.400 45.738 3.000000 59.000000
28.646 16.691  0.417 51.436 3.000000 60.000000
28.646 16.691  0.417 55.159 3.000000 61.000000
12.242 95.578  0.826 69.371 4.000000 1.000000
41.684 54.246  0.538 94.436 4.000000 2.000000
94.170 13.207  0.996 94.102 4.000000 3.000000
76.385 14.424  0.078 87.792 4.000000 4.000000
64.350 61.471  0.260 106.739 4.000000 14.000000
18.598 47.542  0.800 95.283 4.000000 15.000000
68.961 35.385  0.431 98.950 4.000000 16.000000
 2.919 82.964  0.911 95.340 4.000000 17.000000
28.194 55.601  0.182 94.194 4.000000 18.000000
 4.480 54.812  0.264 94.686 4.000000 19.000000
 9.132 91.667  0.146 117.473 4.000000 20.000000
83.126 28.963  0.136 99.816 4.000000 21.000000
69.944 75.501  0.869 92.929 4.000000 22.000000
30.880 75.509  0.580 100.348 4.000000 23.000000
95.103 37.808  0.550 97.698 4.000000 24.000000
 3.423 56.755  0.145 86.057 4.000000 25.000000
44.715  7.912  0.853 112.706 4.000000 26.000000
39.719  7.465  0.622 114.077 4.000000 27.000000
76.624 52.231  0.351 114.496 4.000000 28.000000
82.484 79.053  0.513 97.377 4.000000 29.000000
48.504 12.324  0.076 109.104 4.000000 31.000000
44.678 57.292  0.240 93.923 4.000000 32.000000
65.158 48.382  0.123 98.770 4.000000 33.000000
73.243  0.622  0.184 97.915 4.000000 34.000000
68.435 79.128  0.050 108.544 4.000000 37.000000
66.231 31.320  0.903 117.427 4.000000 38.000000
16.276 54.488  0.945 90.127 4.000000 39.000000
12.344 15.726  0.491 103.348 4.000000 40.000000
49.979 60.342  0.489 93.699 4.000000 41.000000
34.478 64.948  0.900 89.110 4.000000 43.000000
60.044 73.092  0.369 104.799 4.000000 44.000000
22.373 75.733  0.111 95.474 4.000000 45.000000
75.493 43.885  0.780 88.323 4.000000 46.000000
26.171  6.595  0.390 112.795 4.000000 47.000000
48.348 23.848  0.242 132.136 4.000000 48.000000
88.829 15.536  0.096 118.161 4.000000 50.000000
73.903 18.829  0.084 44.188 4.000000 51.000000
73.809 18.696  0.084 51.042 4.000000 52.000000
98.392 99.549  0.864 96.678 4.000000 53.000000
76.179 34.466  0.554 230.665 4.000000 55.000000
83.974 81.856  0.005 54.933 4.000000 57.000000
39.985 25.625  0.400 44.061 4.000000 58.000000
39.985 25.615  0.400 45.592 4.000000 59.000000
28.308 16.830  0.417 54.803 4.000000 61.000000
94.662 25.539  0.499 331.037 4.000000 62.000000
64.414 83.701  0.107 50.938 4.000000 64.000000
64.414 83.701  0.107 46.529 4.000000 65.000000
27.894 16.968  0.417 27.280 4.000000 66.000000
27.894 16.968  0.417 26.318 4.000000 67.000000
67.981 93.390  0.611 98.350 4.000000 68.000000
67.981 93.390  0.611 99.618 4.000000 69.000000
11.598 95.440  0.826 70.669 5.000000 1.000000
41.508 54.079  0.538 94.794 5.000000 2.000000
95.023 13.123  0.996 96.025 5.000000 3.000000
75.398 14.471  0.078 84.401 5.000000 4.000000
63.957 61.529  0.260 107.437 5.000000 14.000000
19.081 47.610  0.800 90.805 5.000000 15.000000
68.452 35.445  0.431 101.275 5.000000 16.000000
 2.827 82.935  0.911 94.452 5.000000 17.000000
28.483 54.664  0.182 96.046 5.000000 18.000000
 4.439 54.753  0.264 93.159 5.000000 19.000000
 8.932 91.642  0.146 118.631 5.000000 20.000000
83.377 29.082  0.136 102.972 5.000000 21.000000
70.071 75.388  0.869 87.410 5.000000 22.000000
30.614 75.609  0.580 94.727 5.000000 23.000000
95.113 37.727  0.550 92.327 5.000000 24.000000
 3.415 56.745  0.145 88.248 5.000000 25.000000
45.016  8.008  0.853 114.076 5.000000 26.000000
40.233  8.121  0.622 111.673 5.000000 27.000000
76.639 51.950  0.351 119.645 5.000000 28.000000
83.490 79.441  0.513 97.779 5.000000 29.000000
48.335 12.090  0.076 103.910 5.000000 31.000000
44.721 57.429  0.240 91.052 5.000000 32.000000
65.383 48.876  0.123 94.665 5.000000 33.000000
73.995  0.387  0.184 100.720 5.000000 34.000000
68.599 79.033  0.050 106.587 5.000000 37.000000
66.473 31.409  0.903 113.299 5.000000 38.000000
16.227 55.022  0.945 88.567 5.000000 39.000000
12.533 15.452  0.491 100.755 5.000000 40.000000
50.029 60.387  0.489 96.096 5.000000 41.000000
34.617 64.796  0.900 90.386 5.000000 43.000000
60.554 74.483  0.369 105.749 5.000000 44.000000
22.371 76.032  0.111 96.664 5.000000 45.000000
75.575 43.503  0.780 88.437 5.000000 46.000000
26.390  5.968  0.390 109.584 5.000000 47.000000
47.696 24.259  0.242 134.283 5.000000 48.000000
88.739 15.625  0.096 115.250 5.000000 50.000000
73.204 18.967  0.084 42.767 5.000000 51.000000
73.055 18.526  0.084 49.397 5.000000 52.000000
98.977 99.973  0.864 99.200 5.000000 53.000000
76.344 34.566  0.554 237.454 5.000000 55.000000
84.173 81.420  0.005 52.034 5.000000 57.000000
39.903 25.878  0.400 43.866 5.000000 58.000000
40.002 25.865  0.400 45.937 5.000000 59.000000
27.959 16.921  0.417 53.799 5.000000 61.000000
94.516 25.872  0.499 338.595 5.000000 62.000000
64.474 83.988  0.107 51.326 5.000000 64.000000
64.475 83.999  0.107 46.315 5.000000 65.000000
28.073 17.334  0.417 26.823 5.000000 66.000000
28.079 17.337  0.417 26.853 5.000000 67.000000
67.592 93.284  0.611 100.855 5.000000 68.000000
67.602 93.333  0.611 101.021 5.000000 69.000000
10.920 95.348  0.826 72.380 6.000000 1.000000
41.336 53.911  0.538 94.539 6.000000 2.000000
95.866 13.109  0.996 96.006 6.000000 3.000000
74.491 14.730  0.078 84.169 6.000000 4.000000
63.558 61.603  0.260 104.468 6.000000 14.000000
19.559 47.701  0.800 88.279 6.000000 15.000000
67.961 35.488  0.431 98.354 6.000000 16.000000
 2.740 82.897  0.911 99.509 6.000000 17.000000
28.667 53.755  0.182 95.469 6.000000 18.000000
 4.394 54.696  0.264 95.788 6.000000 19.000000
 8.733 91.619  0.146 119.873 6.000000 20.000000
83.641 29.206  0.136 108.716 6.000000 21.000000
70.207 75.296  0.869 89.841 6.000000 22.000000
30.360 75.751  0.580 91.240 6.000000 23.000000
95.118 37.645  0.550 91.421 6.000000 24.000000
 3.408 56.735  0.145 90.608 6.000000 25.000000
45.323  8.109  0.853 115.062 6.000000 26.000000
40.765  8.803  0.622 119.261 6.000000 27.000000
76.676 51.679  0.351 119.473 6.000000 28.000000
84.547 79.817  0.513 93.227 6.000000 29.000000
48.166 11.868  0.076 105.295 6.000000 31.000000
44.765 57.561  0.240 88.561 6.000000 32.000000
65.630 49.347  0.123 94.806 6.000000 33.000000
74.788  0.243  0.184 103.977 6.000000 34.000000
68.757 78.940  0.050 107.572 6.000000 37.000000
66.714 31.508  0.903 114.317 6.000000 38.000000
16.148 55.560  0.945 88.043 6.000000 39.000000
12.753 15.200  0.491 100.312 6.000000 40.000000
50.074 60.436  0.489 95.799 6.000000 41.000000
34.747 64.646  0.900 82.797 6.000000 43.000000
61.063 75.922  0.369 106.997 6.000000 44.000000
22.388 76.332  0.111 99.536 6.000000 45.000000
75.630 43.108  0.780 84.994 6.000000 46.000000
26.487  5.331  0.390 104.581 6.000000 47.000000
47.042 24.669  0.242 136.784 6.000000 48.000000
72.547 19.294  0.084 40.833 6.000000 51.000000
72.302 18.362  0.084 46.909 6.000000 52.000000
98.977 100.386  0.864 101.548 6.000000 53.000000
76.508 34.654  0.554 232.793 6.000000 55.000000
84.459 81.031  0.005 53.977 6.000000 57.000000
39.797 26.130  0.400 42.165 6.000000 58.000000
40.020 26.117  0.400 45.090 6.000000 59.000000
27.611 16.987  0.417 54.190 6.000000 61.000000
94.326 26.211  0.499 344.175 6.000000 62.000000
64.532 84.277  0.107 52.046 6.000000 64.000000
64.540 84.305  0.107 46.581 6.000000 65.000000
28.239 17.700  0.417 26.638 6.000000 66.000000
28.254 17.695  0.417 26.386 6.000000 67.000000
67.199 93.240  0.611 204.786 6.000000 70.000000
88.576 15.827  0.096 56.956 6.000000 71.000000
88.576 15.827  0.096 58.354 6.000000 72.000000
10.225 95.290  0.826 72.361 7.000000 1.000000
41.174 53.746  0.538 97.175 7.000000 2.000000
96.705 13.130  0.996 95.746 7.000000 3.000000
73.647 15.015  0.078 77.500 7.000000 4.000000
63.162 61.717  0.260 102.944 7.000000 14.000000
20.051 47.778  0.800 88.798 7.000000 15.000000
67.479 35.531  0.431 101.186 7.000000 16.000000
 2.653 82.856  0.911 103.630 7.000000 17.000000
28.799 52.834  0.182 92.773 7.000000 18.000000
 4.335 54.648  0.264 97.974 7.000000 19.000000
 8.532 91.604  0.146 120.729 7.000000 20.000000
83.915 29.332  0.136 108.036 7.000000 21.000000
70.349 75.218  0.869 89.907 7.000000 22.000000
30.122 75.909  0.580 91.163 7.000000 23.000000
95.130 37.564  0.550 91.806 7.000000 24.000000
 3.401 56.725  0.145 91.254 7.000000 25.000000
45.641  8.203  0.853 112.744 7.000000 26.000000
41.308  9.473  0.622 115.522 7.000000 27.000000
76.697 51.414  0.351 122.935 7.000000 28.000000
47.984 11.645  0.076 104.600 7.000000 31.000000
44.807 57.692  0.240 92.319 7.000000 32.000000
65.778 49.847  0.123 92.177 7.000000 33.000000
75.617  0.207  0.184 102.124 7.000000 34.000000
68.925 78.867  0.050 112.159 7.000000 37.000000
66.951 31.609  0.903 119.145 7.000000 38.000000
16.054 56.083  0.945 85.325 7.000000 39.000000
12.952 14.951  0.491 100.933 7.000000 40.000000
50.122 60.485  0.489 99.654 7.000000 41.000000
34.883 64.503  0.900 86.107 7.000000 43.000000
61.565 77.379  0.369 102.872 7.000000 44.000000
22.425 76.617  0.111 104.369 7.000000 45.000000
75.703 42.699  0.780 86.681 7.000000 46.000000
26.743  4.730  0.390 105.294 7.000000 47.000000
46.419 25.060  0.242 135.859 7.000000 48.000000
71.880 19.652  0.084 39.649 7.000000 51.000000
71.573 18.160  0.084 47.042 7.000000 52.000000
98.977 100.826  0.864 100.766 7.000000 53.000000
76.674 34.741  0.554 248.926 7.000000 55.000000
94.082 26.504  0.499 346.137 7.000000 62.000000
64.590 84.569  0.107 51.776 7.000000 64.000000
64.603 84.604  0.107 46.562 7.000000 65.000000
28.411 18.073  0.417 26.149 7.000000 66.000000
67.003 93.579  0.611 217.514 7.000000 70.000000
88.459 15.892  0.096 58.045 7.000000 71.000000
88.462 15.894  0.096 58.485 7.000000 72.000000
85.180 80.397  0.259 152.165 7.000000 73.000000
39.869 26.366  0.400 87.169 7.000000 74.000000
27.846 17.543  0.417 80.339 7.000000 75.000000
 9.548 95.268  0.826 71.961 8.000000 1.000000
41.011 53.584  0.538 98.347 8.000000 2.000000
97.513 13.127  0.996 97.295 8.000000 3.000000
72.882 15.553  0.078 75.794 8.000000 4.000000
62.748 61.762  0.260 102.115 8.000000 14.000000
20.538 47.861  0.800 91.118 8.000000 15.000000
67.009 35.533  0.431 102.190 8.000000 16.000000
 2.561 82.826  0.911 99.439 8.000000 17.000000
28.936 51.865  0.182 97.081 8.000000 18.000000
 4.278 54.598  0.264 96.162 8.000000 19.000000
 8.331 91.573  0.146 118.199 8.000000 20.000000
84.179 29.452  0.136 103.422 8.000000 21.000000
70.496 75.145  0.869 89.612 8.000000 22.000000
29.849 76.016  0.580 90.882 8.000000 23.000000
95.158 37.490  0.550 90.917 8.000000 24.000000
45.982  8.307  0.853 109.904 8.000000 26.000000
41.804 10.129  0.622 109.768 8.000000 27.000000
76.722 51.166  0.351 134.045 8.000000 28.000000
47.799 11.424  0.076 109.310 8.000000 31.000000
65.890 50.354  0.123 91.185 8.000000 33.000000
76.439  0.135  0.184 101.772 8.000000 34.000000
69.088 78.784  0.050 113.367 8.000000 37.000000
67.179 31.711  0.903 119.101 8.000000 38.000000
15.944 56.576  0.945 83.865 8.000000 39.000000
13.218 14.747  0.491 103.762 8.000000 40.000000
50.164 60.539  0.489 96.250 8.000000 41.000000
35.008 64.361  0.900 91.163 8.000000 43.000000
62.080 78.884  0.369 97.431 8.000000 44.000000
22.482 76.887  0.111 103.356 8.000000 45.000000
26.964  4.099  0.390 108.050 8.000000 47.000000
45.863 25.513  0.242 136.339 8.000000 48.000000
98.977 101.262  0.864 96.222 8.000000 53.000000
76.842 34.829  0.554 255.810 8.000000 55.000000
93.786 26.737  0.499 347.832 8.000000 62.000000
64.647 84.859  0.107 50.510 8.000000 64.000000
64.666 84.901  0.107 47.126 8.000000 65.000000
28.584 18.462  0.417 26.742 8.000000 66.000000
66.837 93.930  0.611 231.769 8.000000 70.000000
88.349 15.960  0.096 57.882 8.000000 71.000000
88.348 15.962  0.096 57.969 8.000000 72.000000
84.694 81.009  0.259 149.861 8.000000 73.000000
39.830 26.615  0.400 82.129 8.000000 74.000000
27.727 17.339  0.417 81.596 8.000000 75.000000
71.075 19.084  0.084 81.349 8.000000 76.000000
 3.386 56.705  0.145 45.258 8.000000 77.000000
 3.386 56.705  0.145 45.251 8.000000 78.000000
44.890 57.961  0.240 47.330 8.000000 79.000000
44.890 57.961  0.240 42.322 8.000000 80.000000
75.798 41.878  0.780 44.534 8.000000 81.000000
75.798 41.878  0.780 42.666 8.000000 82.000000
 8.883 95.240  0.826 69.470 9.000000 1.000000
40.846 53.422  0.538 97.144 9.000000 2.000000
72.043 15.968  0.078 72.866 9.000000 4.000000
21.011 47.949  0.800 91.346 9.000000 15.000000
66.525 35.524  0.431 102.692 9.000000 16.000000
 2.469 82.798  0.911 101.476 9.000000 17.000000
29.084 50.858  0.182 93.917 9.000000 18.000000
 4.226 54.547  0.264 97.020 9.000000 19.000000
84.442 29.550  0.136 102.977 9.000000 21.000000
70.638 75.058  0.869 93.354 9.000000 22.000000
29.556 76.098  0.580 91.718 9.000000 23.000000
95.199 37.419  0.550 89.452 9.000000 24.000000
46.300  8.408  0.853 109.149 9.000000 26.000000
42.290 10.813  0.622 108.002 9.000000 27.000000
76.705 50.917  0.351 139.832 9.000000 28.000000
47.611 11.203  0.076 107.634 9.000000 31.000000
65.941 50.863  0.123 86.789 9.000000 33.000000
77.220  0.053  0.184 101.157 9.000000 34.000000
69.263 78.713  0.050 117.256 9.000000 37.000000
67.405 31.806  0.903 121.471 9.000000 38.000000
15.828 57.062  0.945 84.278 9.000000 39.000000
13.483 14.541  0.491 109.319 9.000000 40.000000
50.211 60.595  0.489 94.553 9.000000 41.000000
35.132 64.200  0.900 91.871 9.000000 43.000000
62.564 80.333  0.369 94.882 9.000000 44.000000
22.498 77.159  0.111 100.913 9.000000 45.000000
27.204  3.453  0.390 106.934 9.000000 47.000000
45.290 25.864  0.242 138.988 9.000000 48.000000
98.977 101.731  0.864 102.152 9.000000 53.000000
77.003 34.927  0.554 261.942 9.000000 55.000000
93.514 27.021  0.499 336.656 9.000000 62.000000
64.704 85.142  0.107 50.199 9.000000 64.000000
64.726 85.190  0.107 46.342 9.000000 65.000000
28.767 18.879  0.417 26.507 9.000000 66.000000
66.722 94.308  0.611 239.975 9.000000 70.000000
88.272 16.064  0.096 58.537 9.000000 71.000000
88.235 16.022  0.096 59.693 9.000000 72.000000
84.351 81.741  0.259 152.574 9.000000 73.000000
39.752 26.857  0.400 80.176 9.000000 74.000000
27.611 17.152  0.417 83.875 9.000000 75.000000
71.009 18.429  0.084 78.053 9.000000 76.000000
 3.397 56.714  0.145 46.344 9.000000 77.000000
 3.396 56.713  0.145 46.065 9.000000 78.000000
44.930 58.086  0.240 48.892 9.000000 79.000000
44.933 58.090  0.240 40.519 9.000000 80.000000
75.750 42.283  0.780 44.262 9.000000 81.000000
75.749 42.297  0.780 42.688 9.000000 82.000000
99.076 13.123  0.996 48.794 9.000000 83.000000
99.076 13.123  0.996 49.926 9.000000 84.000000
 7.926 91.513  0.146 60.342 9.000000 85.000000
 7.926 91.513  0.146 60.255 9.000000 86.000000
62.545 34.665  0.335 91.487 9.000000 87.000000
 8.220 95.178  0.826 67.462 10.000000 1.000000
40.682 53.263  0.538 95.262 10.000000 2.000000
71.242 16.418  0.078 73.855 10.000000 4.000000
21.481 48.008  0.800 93.030 10.000000 15.000000
66.054 35.519  0.431 100.273 10.000000 16.000000
 2.377 82.777  0.911 103.997 10.000000 17.000000
29.215 49.809  0.182 95.797 10.000000 18.000000
 4.166 54.505  0.264 96.654 10.000000 19.000000
84.696 29.632  0.136 100.039 10.000000 21.000000
70.779 74.973  0.869 95.852 10.000000 22.000000
29.255 76.188  0.580 91.361 10.000000 23.000000
95.215 37.341  0.550 86.732 10.000000 24.000000
42.775 11.474  0.622 108.819 10.000000 27.000000
76.709 50.674  0.351 142.028 10.000000 28.000000
66.037 51.383  0.123 82.983 10.000000 33.000000
77.220 -0.099  0.184 106.822 10.000000 34.000000
69.435 78.630  0.050 109.696 10.000000 37.000000
67.618 31.901  0.903 115.512 10.000000 38.000000
15.756 57.548  0.945 87.373 10.000000 39.000000
13.748 14.323  0.491 110.386 10.000000 40.000000
50.256 60.649  0.489 93.337 10.000000 41.000000
35.235 64.025  0.900 91.903 10.000000 43.000000
63.077 81.799  0.369 96.964 10.000000 44.000000
22.453 77.442  0.111 98.285 10.000000 45.000000
27.406  2.782  0.390 109.912 10.000000 47.000000
44.657 26.142  0.242 141.896 10.000000 48.000000
98.977 102.217  0.864 102.014 10.000000 53.000000
77.160 35.026  0.554 263.444 10.000000 55.000000
93.327 27.367  0.499 330.306 10.000000 62.000000
64.760 85.417  0.107 48.909 10.000000 64.000000
64.789 85.488  0.107 45.801 10.000000 65.000000
28.958 19.305  0.417 27.325 10.000000 66.000000
66.636 94.706  0.611 238.249 10.000000 70.000000
88.206 16.180  0.096 57.744 10.000000 71.000000
88.124 16.086  0.096 57.940 10.000000 72.000000
83.992 82.449  0.259 147.386 10.000000 73.000000
39.694 27.110  0.400 80.229 10.000000 74.000000
27.498 16.954  0.417 86.492 10.000000 75.000000
70.968 17.756  0.084 80.937 10.000000 76.000000
 3.406 56.721  0.145 46.839 10.000000 78.000000
44.971 58.213  0.240 48.439 10.000000 79.000000
44.981 58.224  0.240 40.073 10.000000 80.000000
75.612 42.667  0.780 44.748 10.000000 81.000000
75.616 42.708  0.780 43.889 10.000000 82.000000
62.526 34.273  0.335 94.161 10.000000 87.000000
47.033  9.751  0.464 203.003 10.000000 88.000000
99.849 13.000  0.996 98.583 10.000000 89.000000
 8.018 91.690  0.146 117.100 10.000000 90.000000
 7.546 95.095  0.826 65.207 11.000000 1.000000
40.514 53.102  0.538 90.387 11.000000 2.000000
70.400 16.836  0.078 75.320 11.000000 4.000000
21.940 48.078  0.800 88.203 11.000000 15.000000
65.571 35.544  0.431 93.841 11.000000 16.000000
 2.290 82.755  0.911 103.810 11.000000 17.000000
29.404 48.750  0.182 99.780 11.000000 18.000000
 4.111 54.459  0.264 100.186 11.000000 19.000000
84.942 29.711  0.136 95.552 11.000000 21.000000
70.933 74.923  0.869 95.959 11.000000 22.000000
28.954 76.201  0.580 93.562 11.000000 23.000000
95.229 37.262  0.550 89.266 11.000000 24.000000
43.259 12.169  0.622 113.914 11.000000 27.000000
76.722 50.432  0.351 148.787 11.000000 28.000000
66.176 51.902  0.123 85.115 11.000000 33.000000
77.220 -0.223  0.184 102.257 11.000000 34.000000
69.605 78.529  0.050 109.827 11.000000 37.000000
67.826 32.003  0.903 110.730 11.000000 38.000000
15.722 58.043  0.945 90.605 11.000000 39.000000
14.020 14.074  0.491 116.155 11.000000 40.000000
50.311 60.698  0.489 87.732 11.000000 41.000000
35.333 63.853  0.900 94.207 11.000000 43.000000
22.437 77.720  0.111 97.275 11.000000 45.000000
27.657  2.126  0.390 108.336 11.000000 47.000000
44.001 26.378  0.242 138.111 11.000000 48.000000
98.977 102.660  0.864 105.880 11.000000 53.000000
77.314 35.124  0.554 266.473 11.000000 55.000000
93.160 27.730  0.499 329.128 11.000000 62.000000
29.142 19.717  0.417 27.667 11.000000 66.000000
66.515 95.109  0.611 245.491 11.000000 70.000000
88.157 16.303  0.096 56.237 11.000000 71.000000
88.022 16.164  0.096 56.558 11.000000 72.000000
83.774 83.236  0.259 150.430 11.000000 73.000000
39.582 27.362  0.400 84.045 11.000000 74.000000
27.392 16.762  0.417 89.736 11.000000 75.000000
70.886 17.106  0.084 80.656 11.000000 76.000000
 3.416 56.730  0.145 44.967 11.000000 78.000000
45.014 58.340  0.240 45.035 11.000000 79.000000
45.029 58.358  0.240 38.959 11.000000 80.000000
75.439 43.033  0.780 46.264 11.000000 81.000000
75.559 43.152  0.780 43.166 11.000000 82.000000
62.494 33.893  0.335 94.963 11.000000 87.000000
47.014  9.845  0.464 204.299 11.000000 88.000000
99.813 13.806  0.996 92.068 11.000000 89.000000
 8.122 91.864  0.146 121.495 11.000000 90.000000
64.833 85.738  0.107 100.464 11.000000 91.000000
64.233 84.540  0.238 142.599 11.000000 92.000000
11.898 92.653  0.594 100.936 11.000000 93.000000
 6.839 95.014  0.826 67.554 12.000000 1.000000
40.339 52.947  0.538 87.583 12.000000 2.000000
65.095 35.588  0.431 91.455 12.000000 16.000000
 2.200 82.745  0.911 105.159 12.000000 17.000000
29.786 47.713  0.182 97.123 12.000000 18.000000
 4.057 54.410  0.264 100.550 12.000000 19.000000
85.175 29.792  0.136 94.400 12.000000 21.000000
71.076 74.877  0.869 99.116 12.000000 22.000000
28.661 76.236  0.580 94.788 12.000000 23.000000
95.237 37.179  0.550 88.176 12.000000 24.000000
43.760 12.859  0.622 111.732 12.000000 27.000000
76.725 50.191  0.351 146.980 12.000000 28.000000
66.330 52.414  0.123 91.228 12.000000 33.000000
77.220 -0.458  0.184 102.104 12.000000 34.000000
69.773 78.421  0.050 109.159 12.000000 37.000000
68.033 32.116  0.903 110.074 12.000000 38.000000
15.695 58.507  0.945 94.726 12.000000 39.000000
14.346 13.908  0.491 110.119 12.000000 40.000000
50.371 60.739  0.489 90.660 12.000000 41.000000
35.454 63.703  0.900 92.174 12.000000 43.000000
22.408 77.997  0.111 96.477 12.000000 45.000000
27.893  1.479  0.390 110.537 12.000000 47.000000
43.326 26.615  0.242 134.231 12.000000 48.000000
77.474 35.225  0.554 269.876 12.000000 55.000000
92.954 28.072  0.499 328.392 12.000000 62.000000
29.333 20.140  0.417 26.506 12.000000 66.000000
66.296 95.502  0.611 246.907 12.000000 70.000000
88.119 16.430  0.096 57.217 12.000000 71.000000
87.919 16.250  0.096 57.641 12.000000 72.000000
83.511 83.980  0.259 147.876 12.000000 73.000000
39.435 27.613  0.400 84.005 12.000000 74.000000
27.315 16.566  0.417 91.411 12.000000 75.000000
 3.425 56.739  0.145 45.687 12.000000 78.000000
45.056 58.461  0.240 44.509 12.000000 79.000000
45.075 58.487  0.240 37.472 12.000000 80.000000
75.372 43.440  0.780 46.643 12.000000 81.000000
75.436 43.563  0.780 43.577 12.000000 82.000000
62.388 33.542  0.335 99.231 12.000000 87.000000
46.981  9.939  0.464 194.776 12.000000 88.000000
99.791 14.612  0.996 91.089 12.000000 89.000000
 8.231 92.037  0.146 123.077 12.000000 90.000000
64.894 86.015  0.107 100.158 12.000000 91.000000
64.639 85.642  0.238 151.278 12.000000 92.000000
11.799 92.666  0.594 99.824 12.000000 93.000000
98.278 103.225  0.864 49.186 12.000000 95.000000
98.278 103.225  0.864 54.099 12.000000 96.000000
69.807 16.896  0.081 74.715 12.000000 97.000000
69.807 16.896  0.081 81.064 12.000000 98.000000
40.171 52.793  0.538 84.501 13.000000 2.000000
64.620 35.611  0.431 92.144 13.000000 16.000000
 2.109 82.727  0.911 104.325 13.000000 17.000000
30.239 46.690  0.182 94.754 13.000000 18.000000
 4.004 54.365  0.264 100.948 13.000000 19.000000
85.416 29.866  0.136 91.045 13.000000 21.000000
71.223 74.836  0.869 100.128 13.000000 22.000000
28.355 76.297  0.580 90.260 13.000000 23.000000
95.233 37.098  0.550 81.685 13.000000 24.000000
44.253 13.532  0.622 111.034 13.000000 27.000000
76.733 49.963  0.351 142.650 13.000000 28.000000
66.456 52.933  0.123 95.418 13.000000 33.000000
77.220 -0.734  0.184 106.309 13.000000 34.000000
69.941 78.318  0.050 107.155 13.000000 37.000000
68.237 32.226  0.903 106.882 13.000000 38.000000
15.660 58.966  0.945 94.111 13.000000 39.000000
14.665 13.732  0.491 109.075 13.000000 40.000000
50.434 60.781  0.489 94.428 13.000000 41.000000
35.567 63.548  0.900 91.211 13.000000 43.000000
22.363 78.268  0.111 99.966 13.000000 45.000000
28.147  0.825  0.390 114.640 13.000000 47.000000
42.687 26.867  0.242 144.378 13.000000 48.000000
77.637 35.331  0.554 266.804 13.000000 55.000000
92.766 28.421  0.499 323.709 13.000000 62.000000
29.526 20.593  0.417 27.838 13.000000 66.000000
66.112 95.903  0.611 241.438 13.000000 70.000000
88.092 16.562  0.096 54.100 13.000000 71.000000
87.816 16.336  0.096 57.791 13.000000 72.000000
83.211 84.683  0.259 150.095 13.000000 73.000000
39.265 27.858  0.400 83.090 13.000000 74.000000
27.278 16.373  0.417 90.450 13.000000 75.000000
 3.434 56.747  0.145 43.819 13.000000 78.000000
62.259 33.201  0.335 104.360 13.000000 87.000000
46.964 10.035  0.464 195.952 13.000000 88.000000
99.851 15.422  0.996 89.593 13.000000 89.000000
 8.349 92.220  0.146 124.561 13.000000 90.000000
64.957 86.284  0.107 102.665 13.000000 91.000000
65.048 86.816  0.238 146.520 13.000000 92.000000
11.703 92.686  0.594 100.498 13.000000 93.000000
98.278 103.775  0.864 53.316 13.000000 96.000000
70.241 16.805  0.081 78.415 13.000000 97.000000
45.109 58.599  0.240 82.372 13.000000 99.000000
75.242 43.887  0.780 87.176 13.000000 100.000000
40.011 52.647  0.538 83.917 14.000000 2.000000
64.153 35.618  0.431 93.072 14.000000 16.000000
 2.018 82.715  0.911 105.597 14.000000 17.000000
30.579 45.685  0.182 92.986 14.000000 18.000000
 3.946 54.324  0.264 100.914 14.000000 19.000000
85.646 29.923  0.136 89.434 14.000000 21.000000
71.376 74.827  0.869 100.335 14.000000 22.000000
28.052 76.359  0.580 94.620 14.000000 23.000000
95.230 37.018  0.550 81.227 14.000000 24.000000
44.757 14.218  0.622 108.600 14.000000 27.000000
76.731 49.737  0.351 148.545 14.000000 28.000000
66.540 53.458  0.123 97.917 14.000000 33.000000
77.220 -1.144  0.184 104.633 14.000000 34.000000
70.118 78.217  0.050 104.786 14.000000 37.000000
68.450 32.335  0.903 111.406 14.000000 38.000000
15.609 59.434  0.945 94.200 14.000000 39.000000
15.008 13.593  0.491 109.681 14.000000 40.000000
50.494 60.830  0.489 95.418 14.000000 41.000000
35.700 63.402  0.900 89.490 14.000000 43.000000
22.355 78.545  0.111 103.231 14.000000 45.000000
28.663  0.328  0.390 122.733 14.000000 47.000000
42.026 26.986  0.242 133.602 14.000000 48.000000
77.792 35.446  0.554 268.389 14.000000 55.000000
92.498 28.723  0.499 332.890 14.000000 62.000000
29.700 21.043  0.417 27.174 14.000000 66.000000
65.972 96.322  0.611 242.088 14.000000 70.000000
88.066 16.693  0.096 54.377 14.000000 71.000000
87.696 16.406  0.096 56.751 14.000000 72.000000
82.753 85.308  0.259 153.276 14.000000 73.000000
39.038 28.067  0.400 86.118 14.000000 74.000000
27.244 16.175  0.417 91.055 14.000000 75.000000
 3.443 56.756  0.145 44.305 14.000000 78.000000
62.116 32.867  0.335 102.649 14.000000 87.000000
46.945 10.131  0.464 202.527 14.000000 88.000000
 8.470 92.403  0.146 124.223 14.000000 90.000000
65.025 86.578  0.107 104.022 14.000000 91.000000
65.454 87.995  0.238 151.684 14.000000 92.000000
11.607 92.705  0.594 99.602 14.000000 93.000000
98.278 104.327  0.864 53.006 14.000000 96.000000
70.657 16.732  0.081 78.628 14.000000 97.000000
45.159 58.726  0.240 81.820 14.000000 99.000000
75.059 44.252  0.780 83.857 14.000000 100.000000
99.968 17.012  0.996 45.445 14.000000 103.000000
99.968 17.012  0.996 42.859 14.000000 104.000000
49.845  4.878  0.314 91.160 14.000000 105.000000
39.851 52.497  0.538 82.514 15.000000 2.000000
63.685 35.623  0.431 92.790 15.000000 16.000000
 1.929 82.716  0.911 106.003 15.000000 17.000000
30.975 44.704  0.182 94.070 15.000000 18.000000
85.868 29.996  0.136 93.821 15.000000 21.000000
71.540 74.838  0.869 104.418 15.000000 22.000000
27.746 76.467  0.580 91.222 15.000000 23.000000
95.226 36.936  0.550 85.507 15.000000 24.000000
76.738 49.505  0.351 144.153 15.000000 28.000000
66.653 53.983  0.123 105.470 15.000000 33.000000
77.220 -1.592  0.184 105.259 15.000000 34.000000
70.295 78.104  0.050 103.406 15.000000 37.000000
68.656 32.441  0.903 104.650 15.000000 38.000000
15.612 59.901  0.945 93.075 15.000000 39.000000
15.361 13.483  0.491 114.755 15.000000 40.000000
50.548 60.883  0.489 94.236 15.000000 41.000000
35.836 63.269  0.900 88.279 15.000000 43.000000
22.400 78.830  0.111 99.165 15.000000 45.000000
28.663 -0.148  0.390 118.411 15.000000 47.000000
41.374 26.948  0.242 131.283 15.000000 48.000000
77.946 35.553  0.554 271.287 15.000000 55.000000
92.229 29.029  0.499 312.295 15.000000 62.000000
29.869 21.485  0.417 27.718 15.000000 66.000000
65.874 96.736  0.611 238.594 15.000000 70.000000
88.062 16.826  0.096 55.689 15.000000 71.000000
87.572 16.462  0.096 56.743 15.000000 72.000000
82.295 85.958  0.259 151.241 15.000000 73.000000
38.783 28.277  0.400 87.417 15.000000 74.000000
27.224 15.986  0.417 92.435 15.000000 75.000000
61.946 32.541  0.335 108.886 15.000000 87.000000
46.904 10.217  0.464 194.622 15.000000 88.000000
 8.599 92.589  0.146 121.607 15.000000 90.000000
65.093 86.863  0.107 100.204 15.000000 91.000000
65.834 89.108  0.238 149.090 15.000000 92.000000
11.513 92.703  0.594 98.092 15.000000 93.000000
98.278 104.892  0.864 52.304 15.000000 96.000000
71.079 16.659  0.081 77.522 15.000000 97.000000
45.210 58.857  0.240 80.567 15.000000 99.000000
74.845 44.607  0.780 83.260 15.000000 100.000000
100.030 17.012  0.996 46.029 15.000000 103.000000
100.025 17.012  0.996 44.291 15.000000 104.000000
50.138  4.284  0.314 90.162 15.000000 105.000000
 3.671 55.526  0.204 153.180 15.000000 106.000000
45.814 15.579  0.622 55.722 15.000000 107.000000
45.814 15.579  0.622 56.287 15.000000 108.000000
39.693 52.337  0.538 85.592 16.000000 2.000000
63.246 35.619  0.431 93.098 16.000000 16.000000
 1.840 82.712  0.911 104.963 16.000000 17.000000
31.431 43.739  0.182 97.888 16.000000 18.000000
86.077 30.071  0.136 92.617 16.000000 21.000000
71.703 74.838  0.869 102.603 16.000000 22.000000
27.422 76.535  0.580 93.756 16.000000 23.000000
95.223 36.856  0.550 85.521 16.000000 24.000000
76.755 49.276  0.351 141.409 16.000000 28.000000
66.760 54.512  0.123 108.186 16.000000 33.000000
77.220 -2.217  0.184 103.741 16.000000 34.000000
70.486 77.992  0.050 108.028 16.000000 37.000000
68.870 32.543  0.903 102.674 16.000000 38.000000
15.616 60.361  0.945 91.417 16.000000 39.000000
15.718 13.370  0.491 112.591 16.000000 40.000000
50.590 60.949  0.489 95.244 16.000000 41.000000
35.963 63.125  0.900 91.736 16.000000 43.000000
22.450 79.119  0.111 100.253 16.000000 45.000000
28.663 -0.641  0.390 121.153 16.000000 47.000000
78.093 35.656  0.554 281.504 16.000000 55.000000
92.067 29.395  0.499 311.092 16.000000 62.000000
30.031 21.924  0.417 28.506 16.000000 66.000000
65.742 97.119  0.611 237.703 16.000000 70.000000
81.862 86.634  0.259 160.769 16.000000 73.000000
27.189 15.797  0.417 93.157 16.000000 75.000000
61.755 32.236  0.335 107.104 16.000000 87.000000
46.883 10.309  0.464 195.208 16.000000 88.000000
 8.733 92.765  0.146 118.933 16.000000 90.000000
65.162 87.157  0.107 95.622 16.000000 91.000000
66.195 90.172  0.238 150.654 16.000000 92.000000
11.416 92.702  0.594 98.777 16.000000 93.000000
71.516 16.638  0.081 79.043 16.000000 97.000000
45.261 58.986  0.240 78.525 16.000000 99.000000
74.641 44.969  0.780 81.249 16.000000 100.000000
100.120 17.012  0.996 45.351 16.000000 103.000000
100.094 17.012  0.996 42.955 16.000000 104.000000
50.374  3.654  0.314 97.441 16.000000 105.000000
 3.629 55.542  0.204 154.887 16.000000 106.000000
39.636 27.725  0.321 214.415 16.000000 109.000000
87.766 16.752  0.096 113.864 16.000000 110.000000
46.532 16.067  0.622 116.140 16.000000 111.000000
39.536 52.177  0.538 85.715 17.000000 2.000000
62.812 35.627  0.431 91.721 17.000000 16.000000
 1.753 82.713  0.911 106.019 17.000000 17.000000
31.926 42.824  0.182 99.859 17.000000 18.000000
86.281 30.139  0.136 91.446 17.000000 21.000000
71.853 74.780  0.869 107.045 17.000000 22.000000
27.076 76.574  0.580 92.731 17.000000 23.000000
95.219 36.777  0.550 87.826 17.000000 24.000000
76.783 49.052  0.351 145.517 17.000000 28.000000
66.817 55.048  0.123 108.370 17.000000 33.000000
70.673 77.872  0.050 107.753 17.000000 37.000000
69.085 32.646  0.903 105.360 17.000000 38.000000
15.660 60.833  0.945 86.470 17.000000 39.000000
16.073 13.268  0.491 112.705 17.000000 40.000000
50.624 61.020  0.489 95.441 17.000000 41.000000
36.090 62.985  0.900 92.742 17.000000 43.000000
22.496 79.392  0.111 97.592 17.000000 45.000000
78.243 35.769  0.554 269.595 17.000000 55.000000
91.800 29.687  0.499 286.469 17.000000 62.000000
30.200 22.375  0.417 28.973 17.000000 66.000000
65.554 97.486  0.611 245.390 17.000000 70.000000
81.382 87.261  0.259 158.626 17.000000 73.000000
27.141 15.599  0.417 99.807 17.000000 75.000000
61.558 31.924  0.335 105.044 17.000000 87.000000
46.864 10.405  0.464 187.529 17.000000 88.000000
 8.866 92.934  0.146 118.414 17.000000 90.000000
65.232 87.444  0.107 95.926 17.000000 91.000000
66.562 91.257  0.238 153.738 17.000000 92.000000
11.316 92.694  0.594 99.136 17.000000 93.000000
71.953 16.641  0.081 77.232 17.000000 97.000000
45.314 59.121  0.240 74.937 17.000000 99.000000
74.594 45.382  0.780 79.819 17.000000 100.000000
100.215 17.012  0.996 43.495 17.000000 103.000000
100.164 17.012  0.996 43.887 17.000000 104.000000
50.677  3.029  0.314 97.138 17.000000 105.000000
 3.586 55.550  0.204 146.277 17.000000 106.000000
39.823 28.182  0.321 216.766 17.000000 109.000000
87.716 16.855  0.096 110.713 17.000000 110.000000
46.108 15.300  0.622 120.845 17.000000 111.000000
77.725 -3.500  0.184 51.952 17.000000 112.000000
77.725 -3.500  0.184 52.227 17.000000 113.000000
28.166 -1.713  0.390 59.146 17.000000 114.000000
28.166 -1.713  0.390 61.527 17.000000 115.000000
39.379 52.028  0.538 81.746 18.000000 2.000000
62.396 35.631  0.431 93.292 18.000000 16.000000
 1.665 82.721  0.911 105.529 18.000000 17.000000
32.385 41.915  0.182 101.517 18.000000 18.000000
86.480 30.214  0.136 94.949 18.000000 21.000000
72.009 74.767  0.869 104.992 18.000000 22.000000
26.727 76.541  0.580 96.920 18.000000 23.000000
95.215 36.697  0.550 85.340 18.000000 24.000000
76.820 48.817  0.351 145.695 18.000000 28.000000
66.920 55.606  0.123 109.368 18.000000 33.000000
70.870 77.753  0.050 111.202 18.000000 37.000000
69.303 32.762  0.903 104.339 18.000000 38.000000
15.706 61.288  0.945 84.042 18.000000 39.000000
16.420 13.104  0.491 117.494 18.000000 40.000000
50.659 61.089  0.489 96.479 18.000000 41.000000
36.213 62.854  0.900 87.417 18.000000 43.000000
22.533 79.692  0.111 98.528 18.000000 45.000000
78.398 35.878  0.554 255.841 18.000000 55.000000
91.584 30.010  0.499 293.266 18.000000 62.000000
30.366 22.827  0.417 30.178 18.000000 66.000000
65.286 97.801  0.611 244.045 18.000000 70.000000
80.846 87.772  0.259 154.303 18.000000 73.000000
27.088 15.407  0.417 103.480 18.000000 75.000000
61.399 31.585  0.335 103.435 18.000000 87.000000
46.839 10.500  0.464 182.924 18.000000 88.000000
 8.993 93.095  0.146 113.931 18.000000 90.000000
65.300 87.727  0.107 91.702 18.000000 91.000000
66.921 92.339  0.238 155.010 18.000000 92.000000
11.216 92.683  0.594 98.149 18.000000 93.000000
72.368 16.656  0.081 79.059 18.000000 97.000000
45.366 59.258  0.240 74.810 18.000000 99.000000
74.605 45.815  0.780 79.317 18.000000 100.000000
100.371 17.012  0.996 41.249 18.000000 103.000000
100.166 17.012  0.996 42.866 18.000000 104.000000
51.009  2.387  0.314 97.443 18.000000 105.000000
 3.542 55.556  0.204 144.398 18.000000 106.000000
40.020 28.644  0.321 225.058 18.000000 109.000000
87.671 16.958  0.096 104.630 18.000000 110.000000
45.720 14.520  0.622 120.188 18.000000 111.000000
77.725 -3.060  0.184 52.130 18.000000 112.000000
77.725 -3.053  0.184 51.095 18.000000 113.000000
28.166 -1.555  0.390 59.345 18.000000 114.000000
28.166 -1.568  0.390 64.594 18.000000 115.000000
61.954 35.629  0.431 93.106 19.000000 16.000000
 1.583 82.739  0.911 105.978 19.000000 17.000000
32.873 41.009  0.182 101.850 19.000000 18.000000
86.676 30.288  0.136 93.382 19.000000 21.000000
72.155 74.728  0.869 99.224 19.000000 22.000000
95.212 36.618  0.550 85.005 19.000000 24.000000
76.883 48.588  0.351 138.855 19.000000 28.000000
67.042 56.174  0.123 108.828 19.000000 33.000000
71.062 77.640  0.050 111.894 19.000000 37.000000
69.530 32.857  0.903 104.958 19.000000 38.000000
15.690 61.722  0.945 80.547 19.000000 39.000000
16.769 12.954  0.491 118.787 19.000000 40.000000
50.695 61.159  0.489 92.976 19.000000 41.000000
36.341 62.742  0.900 88.077 19.000000 43.000000
22.602 79.991  0.111 100.311 19.000000 45.000000
78.549 35.979  0.554 268.109 19.000000 55.000000
91.459 30.380  0.499 275.223 19.000000 62.000000
30.534 23.272  0.417 30.929 19.000000 66.000000
64.891 97.910  0.611 242.857 19.000000 70.000000
80.267 88.171  0.259 153.954 19.000000 73.000000
27.030 15.223  0.417 101.734 19.000000 75.000000
61.270 31.236  0.335 104.161 19.000000 87.000000
46.818 10.596  0.464 181.505 19.000000 88.000000
65.365 88.005  0.107 90.000 19.000000 91.000000
67.294 93.463  0.238 152.505 19.000000 92.000000
72.774 16.648  0.081 80.520 19.000000 97.000000
45.415 59.392  0.240 75.913 19.000000 99.000000
74.615 46.248  0.780 81.936 19.000000 100.000000
51.265  1.691  0.314 98.504 19.000000 105.000000
 3.499 55.569  0.204 143.766 19.000000 106.000000
40.222 29.096  0.321 217.372 19.000000 109.000000
87.631 17.061  0.096 105.618 19.000000 110.000000
45.400 13.705  0.622 119.083 19.000000 111.000000
28.166 -1.350  0.390 59.739 19.000000 114.000000
28.166 -1.325  0.390 66.288 19.000000 115.000000
10.117 92.967  0.370 208.945 19.000000 116.000000
100.348 17.012  0.996 82.898 19.000000 117.000000
39.048 51.722  0.538 40.555 19.000000 119.000000
39.048 51.722  0.538 41.134 19.000000 120.000000
61.513 35.646  0.431 88.058 20.000000 16.000000
 1.502 82.754  0.911 102.118 20.000000 17.000000
33.493 40.196  0.182 99.997 20.000000 18.000000
86.885 30.365  0.136 92.615 20.000000 21.000000
72.293 74.686  0.869 102.724 20.000000 22.000000
95.209 36.539  0.550 83.489 20.000000 24.000000
76.926 48.356  0.351 140.405 20.000000 28.000000
67.187 56.743  0.123 111.785 20.000000 33.000000
71.261 77.513  0.050 112.671 20.000000 37.000000
69.761 32.959  0.903 105.225 20.000000 38.000000
15.648 62.146  0.945 79.072 20.000000 39.000000
17.112 12.835  0.491 121.785 20.000000 40.000000
50.724 61.236  0.489 97.519 20.000000 41.000000
36.468 62.637  0.900 89.334 20.000000 43.000000
22.692 80.277  0.111 101.236 20.000000 45.000000
78.695 36.092  0.554 270.002 20.000000 55.000000
91.236 30.679  0.499 283.761 20.000000 62.000000
30.710 23.738  0.417 30.622 20.000000 66.000000
64.501 98.039  0.611 239.126 20.000000 70.000000
79.637 88.477  0.259 156.411 20.000000 73.000000
26.961 15.037  0.417 100.799 20.000000 75.000000
61.092 30.898  0.335 106.948 20.000000 87.000000
46.810 10.693  0.464 173.534 20.000000 88.000000
65.430 88.292  0.107 93.581 20.000000 91.000000
67.664 94.603  0.238 149.163 20.000000 92.000000
73.193 16.658  0.081 81.097 20.000000 97.000000
45.465 59.527  0.240 74.847 20.000000 99.000000
74.625 46.679  0.780 83.690 20.000000 100.000000
51.586  0.979  0.314 94.315 20.000000 105.000000
 3.463 55.592  0.204 139.163 20.000000 106.000000
40.425 29.556  0.321 228.017 20.000000 109.000000
87.586 17.169  0.096 102.528 20.000000 110.000000
45.059 12.910  0.622 116.588 20.000000 111.000000
28.166 -1.097  0.390 59.851 20.000000 114.000000
28.166 -1.051  0.390 64.700 20.000000 115.000000
10.139 93.050  0.370 209.865 20.000000 116.000000
100.269 17.012  0.996 85.823 20.000000 117.000000
39.271 51.667  0.538 40.639 20.000000 119.000000
39.273 51.635  0.538 43.264 20.000000 120.000000
61.063 35.681  0.431 89.674 21.000000 16.000000
 1.424 82.778  0.911 104.676 21.000000 17.000000
34.189 39.515  0.182 103.036 21.000000 18.000000
87.110 30.444  0.136 94.002 21.000000 21.000000
95.206 36.460  0.550 83.387 21.000000 24.000000
76.965 48.121  0.351 141.013 21.000000 28.000000
67.309 57.294  0.123 112.799 21.000000 33.000000
69.995 33.057  0.903 102.894 21.000000 38.000000
15.633 62.573  0.945 80.378 21.000000 39.000000
17.481 12.752  0.491 117.896 21.000000 40.000000
50.741 61.315  0.489 91.944 21.000000 41.000000
36.592 62.541  0.900 89.780 21.000000 43.000000
22.810 80.553  0.111 101.837 21.000000 45.000000
78.847 36.207  0.554 271.790 21.000000 55.000000
91.026 31.003  0.499 298.853 21.000000 62.000000
30.885 24.208  0.417 31.755 21.000000 66.000000
64.119 98.118  0.611 252.496 21.000000 70.000000
79.121 88.982  0.259 157.445 21.000000 73.000000
26.894 14.851  0.417 103.547 21.000000 75.000000
60.915 30.558  0.335 105.051 21.000000 87.000000
46.796 10.793  0.464 172.331 21.000000 88.000000
65.495 88.584  0.107 88.674 21.000000 91.000000
67.990 95.616  0.238 149.475 21.000000 92.000000
73.590 16.686  0.081 83.352 21.000000 97.000000
45.514 59.659  0.240 72.471 21.000000 99.000000
74.635 47.092  0.780 83.132 21.000000 100.000000
51.897  0.259  0.314 92.266 21.000000 105.000000
 3.424 55.612  0.204 135.788 21.000000 106.000000
40.624 30.008  0.321 234.190 21.000000 109.000000
87.561 17.287  0.096 102.735 21.000000 110.000000
44.586 12.210  0.622 119.175 21.000000 111.000000
28.166 -0.992  0.390 60.563 21.000000 114.000000
28.166 -0.770  0.390 66.516 21.000000 115.000000
10.161 93.131  0.370 195.653 21.000000 116.000000
100.148 17.012  0.996 83.191 21.000000 117.000000
71.950 76.018  0.459 214.284 21.000000 121.000000
39.491 51.584  0.538 84.779 21.000000 122.000000
60.601 35.754  0.431 86.657 22.000000 16.000000
 1.344 82.805  0.911 101.781 22.000000 17.000000
34.931 38.887  0.182 99.206 22.000000 18.000000
87.342 30.515  0.136 89.956 22.000000 21.000000
95.202 36.383  0.550 81.029 22.000000 24.000000
77.022 47.886  0.351 137.208 22.000000 28.000000
67.374 57.852  0.123 111.303 22.000000 33.000000
15.619 62.989  0.945 76.414 22.000000 39.000000
17.882 12.745  0.491 116.103 22.000000 40.000000
50.768 61.392  0.489 89.807 22.000000 41.000000
36.719 62.446  0.900 87.642 22.000000 43.000000
22.910 80.849  0.111 100.869 22.000000 45.000000
79.003 36.328  0.554 281.344 22.000000 55.000000
90.795 31.300  0.499 298.810 22.000000 62.000000
31.059 24.663  0.417 32.156 22.000000 66.000000
78.629 89.543  0.259 164.933 22.000000 73.000000
26.807 14.674  0.417 105.673 22.000000 75.000000
60.771 30.207  0.335 105.459 22.000000 87.000000
65.559 88.885  0.107 91.563 22.000000 91.000000
68.321 96.623  0.238 159.475 22.000000 92.000000
45.560 59.782  0.240 71.347 22.000000 99.000000
74.645 47.498  0.780 85.247 22.000000 100.000000
51.897 -0.427  0.314 90.013 22.000000 105.000000
 3.382 55.622  0.204 130.702 22.000000 106.000000
40.827 30.445  0.321 229.430 22.000000 109.000000
87.539 17.404  0.096 102.507 22.000000 110.000000
10.182 93.207  0.370 184.139 22.000000 116.000000
99.979 17.801  0.996 79.202 22.000000 117.000000
72.142 75.958  0.459 213.918 22.000000 121.000000
39.464 51.813  0.538 86.306 22.000000 122.000000
45.394 11.257  0.543 298.375 22.000000 123.000000
28.166 -0.660  0.390 128.747 22.000000 124.000000
70.495 33.243  0.903 51.170 22.000000 125.000000
70.495 33.243  0.903 52.265 22.000000 126.000000
63.360 98.144  0.611 135.690 22.000000 127.000000
63.360 98.144  0.611 133.735 22.000000 128.000000
60.126 35.807  0.431 89.408 23.000000 16.000000
 1.263 82.833  0.911 99.660 23.000000 17.000000
35.651 38.374  0.182 100.010 23.000000 18.000000
87.569 30.594  0.136 89.375 23.000000 21.000000
95.199 36.305  0.550 81.703 23.000000 24.000000
77.100 47.648  0.351 138.951 23.000000 28.000000
67.459 58.402  0.123 109.630 23.000000 33.000000
15.594 63.410  0.945 71.544 23.000000 39.000000
18.283 12.704  0.491 119.660 23.000000 40.000000
50.805 61.468  0.489 88.304 23.000000 41.000000
36.850 62.341  0.900 88.391 23.000000 43.000000
23.029 81.129  0.111 103.803 23.000000 45.000000
79.170 36.453  0.554 272.208 23.000000 55.000000
90.697 31.666  0.499 310.070 23.000000 62.000000
31.233 25.107  0.417 32.871 23.000000 66.000000
78.030 89.955  0.259 165.539 23.000000 73.000000
26.715 14.498  0.417 104.536 23.000000 75.000000
65.626 89.189  0.107 94.874 23.000000 91.000000
68.668 97.652  0.238 161.607 23.000000 92.000000
45.606 59.906  0.240 72.487 23.000000 99.000000
74.655 47.890  0.780 92.134 23.000000 100.000000
51.897 -1.087  0.314 91.511 23.000000 105.000000
 3.341 55.633  0.204 135.315 23.000000 106.000000
41.036 30.869  0.321 229.082 23.000000 109.000000
87.483 17.511  0.096 108.050 23.000000 110.000000
10.204 93.285  0.370 183.614 23.000000 116.000000
99.984 18.603  0.996 76.837 23.000000 117.000000
72.330 75.907  0.459 213.811 23.000000 121.000000
45.102 11.151  0.543 283.014 23.000000 123.000000
28.222  0.063  0.390 133.604 23.000000 124.000000
70.366 33.490  0.903 49.352 23.000000 125.000000
70.370 33.471  0.903 52.707 23.000000 126.000000
63.203 98.493  0.611 139.412 23.000000 127.000000
63.590 97.826  0.611 135.672 23.000000 128.000000
59.659 35.862  0.431 89.174 24.000000 16.000000
 1.189 82.871  0.911 102.477 24.000000 17.000000
36.353 37.806  0.182 99.747 24.000000 18.000000
87.803 30.654  0.136 92.573 24.000000 21.000000
95.195 36.225  0.550 80.482 24.000000 24.000000
77.181 47.415  0.351 140.775 24.000000 28.000000
67.390 58.990  0.123 110.716 24.000000 33.000000
15.557 63.831  0.945 68.539 24.000000 39.000000
18.673 12.656  0.491 117.786 24.000000 40.000000
50.840 61.540  0.489 90.966 24.000000 41.000000
36.987 62.243  0.900 85.374 24.000000 43.000000
23.108 81.419  0.111 103.325 24.000000 45.000000
79.330 36.576  0.554 264.253 24.000000 55.000000
90.747 32.035  0.499 300.959 24.000000 62.000000
31.395 25.530  0.417 31.962 24.000000 66.000000
77.418 90.376  0.259 169.627 24.000000 73.000000
26.642 14.302  0.417 104.556 24.000000 75.000000
65.697 89.499  0.107 95.939 24.000000 91.000000
69.019 98.668  0.238 158.916 24.000000 92.000000
45.655 60.034  0.240 72.216 24.000000 99.000000
74.664 48.287  0.780 94.448 24.000000 100.000000
51.897 -1.736  0.314 87.976 24.000000 105.000000
 3.302 55.647  0.204 132.236 24.000000 106.000000
41.247 31.295  0.321 236.095 24.000000 109.000000
87.429 17.621  0.096 113.542 24.000000 110.000000
10.227 93.361  0.370 178.859 24.000000 116.000000
99.988 19.434  0.996 77.850 24.000000 117.000000
72.509 75.855  0.459 205.813 24.000000 121.000000
44.782 11.062  0.543 288.598 24.000000 123.000000
28.281  0.815  0.390 134.138 24.000000 124.000000
70.199 33.709  0.903 47.851 24.000000 125.000000
70.258 33.708  0.903 53.512 24.000000 126.000000
62.960 98.776  0.611 144.700 24.000000 127.000000
63.830 97.528  0.611 135.030 24.000000 128.000000
70.696 79.117  0.331 96.331 24.000000 129.000000
59.191 35.905  0.431 85.338 25.000000 16.000000
 1.122 82.912  0.911 104.423 25.000000 17.000000
37.099 37.239  0.182 101.748 25.000000 18.000000
88.040 30.715  0.136 97.435 25.000000 21.000000
95.192 36.144  0.550 80.688 25.000000 24.000000
67.288 59.578  0.123 111.589 25.000000 33.000000
15.559 64.273  0.945 65.300 25.000000 39.000000
19.040 12.560  0.491 116.160 25.000000 40.000000
50.863 61.618  0.489 86.890 25.000000 41.000000
37.132 62.146  0.900 84.995 25.000000 43.000000
23.174 81.712  0.111 100.909 25.000000 45.000000
79.491 36.701  0.554 254.041 25.000000 55.000000
90.795 32.387  0.499 300.919 25.000000 62.000000
31.555 25.958  0.417 31.156 25.000000 66.000000
76.818 90.853  0.259 176.078 25.000000 73.000000
26.565 14.123  0.417 111.543 25.000000 75.000000
65.765 89.808  0.107 96.378 25.000000 91.000000
69.361 99.645  0.238 160.261 25.000000 92.000000
45.700 60.160  0.240 67.973 25.000000 99.000000
51.897 -2.412  0.314 91.928 25.000000 105.000000
 3.264 55.665  0.204 129.761 25.000000 106.000000
41.448 31.716  0.321 238.864 25.000000 109.000000
87.389 17.743  0.096 112.856 25.000000 110.000000
10.250 93.438  0.370 180.702 25.000000 116.000000
72.688 75.807  0.459 205.280 25.000000 121.000000
44.450 11.000  0.543 289.730 25.000000 123.000000
28.341  1.540  0.390 129.856 25.000000 124.000000
70.065 33.951  0.903 48.041 25.000000 125.000000
70.150 33.940  0.903 51.122 25.000000 126.000000
62.685 99.025  0.611 144.229 25.000000 127.000000
64.072 97.223  0.611 135.770 25.000000 128.000000
70.546 78.629  0.331 95.526 25.000000 129.000000
75.967 47.933  0.566 237.521 25.000000 130.000000
99.997 21.113  0.996 39.958 25.000000 131.000000
99.997 21.113  0.996 37.064 25.000000 132.000000
65.692 58.047  0.879 99.459 25.000000 133.000000
77.897 50.323  0.393 92.252 25.000000 134.000000
58.729 35.944  0.431 85.981 26.000000 16.000000
 1.055 82.946  0.911 105.527 26.000000 17.000000
37.836 36.686  0.182 106.122 26.000000 18.000000
88.271 30.760  0.136 94.192 26.000000 21.000000
95.188 36.062  0.550 81.206 26.000000 24.000000
67.139 60.146  0.123 105.810 26.000000 33.000000
15.541 64.732  0.945 65.548 26.000000 39.000000
50.877 61.693  0.489 88.934 26.000000 41.000000
37.280 62.055  0.900 82.274 26.000000 43.000000
23.262 82.006  0.111 100.288 26.000000 45.000000
79.647 36.831  0.554 263.405 26.000000 55.000000
90.845 32.745  0.499 315.866 26.000000 62.000000
31.718 26.391  0.417 31.158 26.000000 66.000000
76.258 91.389  0.259 183.927 26.000000 73.000000
26.488 13.946  0.417 111.012 26.000000 75.000000
65.831 90.116  0.107 93.851 26.000000 91.000000
69.361 100.623  0.238 159.762 26.000000 92.000000
45.745 60.285  0.240 64.420 26.000000 99.000000
51.897 -3.071  0.314 89.650 26.000000 105.000000
 3.229 55.688  0.204 127.343 26.000000 106.000000
41.641 32.123  0.321 248.742 26.000000 109.000000
87.385 17.873  0.096 113.610 26.000000 110.000000
10.272 93.512  0.370 191.784 26.000000 116.000000
72.875 75.760  0.459 208.021 26.000000 121.000000
44.108 10.942  0.543 292.804 26.000000 123.000000
28.398  2.253  0.390 128.984 26.000000 124.000000
69.956 34.223  0.903 46.756 26.000000 125.000000
70.107 34.200  0.903 51.382 26.000000 126.000000
62.451 99.324  0.611 142.601 26.000000 127.000000
64.294 96.933  0.611 129.427 26.000000 128.000000
70.468 78.144  0.331 97.002 26.000000 129.000000
75.942 47.981  0.566 236.346 26.000000 130.000000
100.002 21.113  0.996 40.273 26.000000 131.000000
100.002 21.113  0.996 36.485 26.000000 132.000000
66.862 59.514  0.879 101.504 26.000000 133.000000
78.203 50.341  0.393 90.596 26.000000 134.000000
86.290 78.535  0.433 113.195 26.000000 135.000000
58.255 36.012  0.431 90.177 27.000000 16.000000
 0.990 82.969  0.911 101.448 27.000000 17.000000
38.585 36.196  0.182 109.885 27.000000 18.000000
88.503 30.802  0.136 95.659 27.000000 21.000000
95.185 35.978  0.550 81.488 27.000000 24.000000
66.991 60.709  0.123 105.055 27.000000 33.000000
15.486 65.188  0.945 65.183 27.000000 39.000000
50.883 61.769  0.489 91.290 27.000000 41.000000
37.421 61.963  0.900 80.678 27.000000 43.000000
23.405 82.300  0.111 98.454 27.000000 45.000000
79.799 36.960  0.554 287.825 27.000000 55.000000
90.901 33.128  0.499 330.947 27.000000 62.000000
31.884 26.809  0.417 32.174 27.000000 66.000000
75.804 92.011  0.259 189.213 27.000000 73.000000
26.388 13.789  0.417 110.928 27.000000 75.000000
65.896 90.416  0.107 88.954 27.000000 91.000000
69.361 101.491  0.238 158.846 27.000000 92.000000
45.791 60.413  0.240 65.891 27.000000 99.000000
51.897 -3.715  0.314 91.456 27.000000 105.000000
 3.190 55.702  0.204 133.472 27.000000 106.000000
41.830 32.526  0.321 257.862 27.000000 109.000000
87.414 18.003  0.096 115.157 27.000000 110.000000
10.293 93.584  0.370 188.609 27.000000 116.000000
73.070 75.709  0.459 206.257 27.000000 121.000000
43.781 10.899  0.543 297.289 27.000000 123.000000
28.459  2.973  0.390 127.162 27.000000 124.000000
62.169 99.561  0.611 140.699 27.000000 127.000000
64.546 96.646  0.611 135.074 27.000000 128.000000
70.376 77.663  0.331 96.613 27.000000 129.000000
75.921 48.031  0.566 225.134 27.000000 130.000000
100.042 21.113  0.996 37.623 27.000000 131.000000
99.986 20.330  0.996 36.753 27.000000 132.000000
68.024 61.012  0.879 100.046 27.000000 133.000000
78.509 50.350  0.393 89.516 27.000000 134.000000
86.051 78.385  0.433 112.721 27.000000 135.000000
69.904 34.724  0.903 49.124 27.000000 137.000000
69.904 34.724  0.903 47.569 27.000000 138.000000
57.751 36.022  0.431 92.542 28.000000 16.000000
 0.922 82.986  0.911 105.536 28.000000 17.000000
39.334 35.674  0.182 110.519 28.000000 18.000000
88.732 30.844  0.136 95.353 28.000000 21.000000
95.181 35.897  0.550 80.828 28.000000 24.000000
66.893 61.269  0.123 105.564 28.000000 33.000000
15.461 65.629  0.945 64.729 28.000000 39.000000
50.888 61.843  0.489 89.197 28.000000 41.000000
37.565 61.868  0.900 78.428 28.000000 43.000000
23.547 82.587  0.111 100.249 28.000000 45.000000
79.953 37.089  0.554 282.945 28.000000 55.000000
90.960 33.529  0.499 321.603 28.000000 62.000000
32.045 27.222  0.417 30.851 28.000000 66.000000
75.534 92.726  0.259 181.416 28.000000 73.000000
26.308 13.617  0.417 113.213 28.000000 75.000000
65.961 90.718  0.107 87.982 28.000000 91.000000
69.361 102.380  0.238 161.796 28.000000 92.000000
45.834 60.540  0.240 68.294 28.000000 99.000000
51.897 -4.325  0.314 90.724 28.000000 105.000000
 3.152 55.723  0.204 136.377 28.000000 106.000000
42.030 32.953  0.321 280.265 28.000000 109.000000
87.442 18.132  0.096 113.998 28.000000 110.000000
10.314 93.655  0.370 191.142 28.000000 116.000000
73.267 75.666  0.459 204.367 28.000000 121.000000
43.462 10.840  0.543 307.251 28.000000 123.000000
28.521  3.676  0.390 125.635 28.000000 124.000000
61.902 99.780  0.611 138.938 28.000000 127.000000
64.775 96.363  0.611 137.761 28.000000 128.000000
70.252 77.190  0.331 96.550 28.000000 129.000000
75.910 48.083  0.566 220.510 28.000000 130.000000
69.164 62.460  0.879 93.542 28.000000 133.000000
78.818 50.374  0.393 85.735 28.000000 134.000000
85.789 78.269  0.433 110.893 28.000000 135.000000
69.839 34.974  0.903 98.980 28.000000 140.000000
100.001 20.762  0.996 37.968 28.000000 141.000000
100.001 20.762  0.996 37.798 28.000000 142.000000
57.187 24.977  0.727 115.453 28.000000 143.000000
57.241 36.019  0.431 91.408 29.000000 16.000000
 0.862 83.020  0.911 107.735 29.000000 17.000000
39.995 35.131  0.182 107.670 29.000000 18.000000
88.954 30.891  0.136 95.723 29.000000 21.000000
66.778 61.845  0.123 106.475 29.000000 33.000000
15.470 66.074  0.945 64.976 29.000000 39.000000
50.895 61.919  0.489 89.964 29.000000 41.000000
37.711 61.771  0.900 77.431 29.000000 43.000000
23.758 82.848  0.111 95.801 29.000000 45.000000
80.107 37.230  0.554 285.815 29.000000 55.000000
91.016 33.923  0.499 312.479 29.000000 62.000000
32.210 27.634  0.417 31.881 29.000000 66.000000
75.006 93.298  0.259 179.740 29.000000 73.000000
26.208 13.447  0.417 116.143 29.000000 75.000000
66.028 91.021  0.107 92.533 29.000000 91.000000
69.361 103.078  0.238 160.149 29.000000 92.000000
45.878 60.667  0.240 67.061 29.000000 99.000000
51.897 -4.926  0.314 93.749 29.000000 105.000000
 3.118 55.750  0.204 137.674 29.000000 106.000000
42.221 33.370  0.321 280.578 29.000000 109.000000
87.471 18.263  0.096 114.485 29.000000 110.000000
10.334 93.725  0.370 186.904 29.000000 116.000000
73.467 75.610  0.459 210.803 29.000000 121.000000
43.139 10.797  0.543 303.012 29.000000 123.000000
28.578  4.356  0.390 129.819 29.000000 124.000000
61.595 99.949  0.611 136.912 29.000000 127.000000
64.997 96.087  0.611 143.778 29.000000 128.000000
70.225 76.699  0.331 97.410 29.000000 129.000000
75.907 48.140  0.566 199.985 29.000000 130.000000
70.332 63.855  0.879 93.030 29.000000 133.000000
79.130 50.388  0.393 88.976 29.000000 134.000000
85.538 78.111  0.433 109.832 29.000000 135.000000
69.773 35.215  0.903 97.048 29.000000 140.000000
100.034 20.762  0.996 38.479 29.000000 141.000000
100.027 20.762  0.996 39.458 29.000000 142.000000
57.518 24.451  0.727 118.023 29.000000 143.000000
95.174 35.731  0.550 40.551 29.000000 144.000000
95.174 35.731  0.550 41.039 29.000000 145.000000
56.744 36.030  0.431 91.379 30.000000 16.000000
 0.805 83.053  0.911 107.011 30.000000 17.000000
40.677 34.569  0.182 111.817 30.000000 18.000000
89.174 30.935  0.136 98.749 30.000000 21.000000
66.690 62.426  0.123 107.071 30.000000 33.000000
15.453 66.546  0.945 64.001 30.000000 39.000000
50.904 61.995  0.489 88.951 30.000000 41.000000
37.853 61.669  0.900 76.588 30.000000 43.000000
23.983 83.105  0.111 97.759 30.000000 45.000000
80.258 37.378  0.554 294.509 30.000000 55.000000
91.072 34.302  0.499 327.900 30.000000 62.000000
32.374 28.057  0.417 32.874 30.000000 66.000000
74.686 94.008  0.259 173.927 30.000000 73.000000
26.122 13.271  0.417 119.648 30.000000 75.000000
66.097 91.330  0.107 92.884 30.000000 91.000000
69.361 103.759  0.238 156.742 30.000000 92.000000
45.920 60.792  0.240 66.657 30.000000 99.000000
51.897 -5.512  0.314 93.343 30.000000 105.000000
 3.087 55.781  0.204 137.682 30.000000 106.000000
42.420 33.796  0.321 281.771 30.000000 109.000000
87.500 18.394  0.096 114.019 30.000000 110.000000
10.354 93.795  0.370 184.411 30.000000 116.000000
73.670 75.565  0.459 218.598 30.000000 121.000000
28.634  5.031  0.390 135.455 30.000000 124.000000
61.595 100.134  0.611 139.151 30.000000 127.000000
65.243 95.816  0.611 144.079 30.000000 128.000000
70.179 76.215  0.331 101.566 30.000000 129.000000
75.899 48.198  0.566 197.772 30.000000 130.000000
71.454 65.246  0.879 92.189 30.000000 133.000000
79.433 50.432  0.393 89.127 30.000000 134.000000
85.280 77.968  0.433 113.114 30.000000 135.000000
69.785 35.467  0.903 96.751 30.000000 140.000000
100.067 20.762  0.996 39.113 30.000000 141.000000
100.053 20.762  0.996 39.339 30.000000 142.000000
57.873 23.924  0.727 118.813 30.000000 143.000000
95.178 35.813  0.550 38.145 30.000000 144.000000
95.178 35.814  0.550 42.758 30.000000 145.000000
39.514 43.734  0.085 90.657 30.000000 146.000000
56.253 36.099  0.431 89.368 31.000000 16.000000
 0.756 83.094  0.911 112.082 31.000000 17.000000
41.414 34.076  0.182 112.670 31.000000 18.000000
89.398 30.977  0.136 100.125 31.000000 21.000000
66.602 62.994  0.123 104.774 31.000000 33.000000
15.403 67.020  0.945 62.050 31.000000 39.000000
50.900 62.073  0.489 88.481 31.000000 41.000000
38.007 61.572  0.900 76.637 31.000000 43.000000
24.228 83.366  0.111 93.474 31.000000 45.000000
80.398 37.520  0.554 295.484 31.000000 55.000000
91.127 34.694  0.499 320.339 31.000000 62.000000
32.534 28.471  0.417 33.290 31.000000 66.000000
74.713 94.756  0.259 179.021 31.000000 73.000000
26.033 13.100  0.417 112.861 31.000000 75.000000
66.166 91.635  0.107 90.862 31.000000 91.000000
69.361 104.371  0.238 155.467 31.000000 92.000000
45.959 60.917  0.240 62.154 31.000000 99.000000
51.897 -6.091  0.314 86.079 31.000000 105.000000
 3.059 55.814  0.204 130.687 31.000000 106.000000
42.608 34.198  0.321 289.340 31.000000 109.000000
87.530 18.531  0.096 119.556 31.000000 110.000000
10.375 93.864  0.370 180.882 31.000000 116.000000
73.870 75.496  0.459 215.636 31.000000 121.000000
61.595 100.319  0.611 139.892 31.000000 127.000000
65.472 95.553  0.611 147.600 31.000000 128.000000
75.892 48.258  0.566 202.992 31.000000 130.000000
72.613 66.597  0.879 99.119 31.000000 133.000000
79.747 50.462  0.393 90.391 31.000000 134.000000
69.795 35.696  0.903 93.361 31.000000 140.000000
58.131 23.338  0.727 127.077 31.000000 143.000000
95.181 35.900  0.550 37.003 31.000000 144.000000
95.182 35.898  0.550 41.854 31.000000 145.000000
39.567 43.756  0.085 93.125 31.000000 146.000000
100.093 20.762  0.996 78.866 31.000000 147.000000
84.751 77.726  0.433 56.673 31.000000 148.000000
84.751 77.726  0.433 56.567 31.000000 149.000000
55.784 36.190  0.431 86.534 32.000000 16.000000
 0.704 83.130  0.911 106.533 32.000000 17.000000
89.617 31.031  0.136 98.322 32.000000 21.000000
66.611 63.573  0.123 105.165 32.000000 33.000000
15.360 67.499  0.945 59.189 32.000000 39.000000
50.879 62.152  0.489 89.844 32.000000 41.000000
38.163 61.464  0.900 80.344 32.000000 43.000000
24.401 83.691  0.111 92.155 32.000000 45.000000
80.536 37.657  0.554 294.198 32.000000 55.000000
91.189 35.099  0.499 310.450 32.000000 62.000000
32.693 28.883  0.417 33.231 32.000000 66.000000
74.740 95.497  0.259 174.285 32.000000 73.000000
25.929 12.933  0.417 116.361 32.000000 75.000000
66.232 91.930  0.107 92.961 32.000000 91.000000
69.361 104.919  0.238 156.554 32.000000 92.000000
45.997 61.041  0.240 61.628 32.000000 99.000000
51.897 -6.662  0.314 90.290 32.000000 105.000000
 3.025 55.843  0.204 122.226 32.000000 106.000000
87.561 18.675  0.096 120.819 32.000000 110.000000
10.395 93.932  0.370 184.526 32.000000 116.000000
74.074 75.425  0.459 215.931 32.000000 121.000000
61.595 100.430  0.611 145.443 32.000000 127.000000
65.734 95.316  0.611 144.133 32.000000 128.000000
75.869 48.311  0.566 203.362 32.000000 130.000000
73.751 67.971  0.879 103.178 32.000000 133.000000
80.060 50.479  0.393 87.963 32.000000 134.000000
69.805 35.922  0.903 96.891 32.000000 140.000000
58.254 22.716  0.727 120.341 32.000000 143.000000
95.185 35.985  0.550 36.749 32.000000 144.000000
95.185 35.981  0.550 43.647 32.000000 145.000000
39.617 43.780  0.085 94.663 32.000000 146.000000
100.134 20.762  0.996 78.853 32.000000 147.000000
42.441 34.057  0.251 405.118 32.000000 150.000000
84.466 77.766  0.433 110.161 32.000000 151.000000
22.327 13.126  0.172 107.926 32.000000 152.000000
 0.657 83.172  0.911 109.619 33.000000 17.000000
89.844 31.079  0.136 99.970 33.000000 21.000000
66.585 64.191  0.123 109.551 33.000000 33.000000
15.239 67.978  0.945 58.895 33.000000 39.000000
50.848 62.228  0.489 89.060 33.000000 41.000000
38.312 61.347  0.900 78.402 33.000000 43.000000
24.588 83.999  0.111 96.950 33.000000 45.000000
80.670 37.799  0.554 314.926 33.000000 55.000000
91.245 35.473  0.499 319.924 33.000000 62.000000
32.847 29.283  0.417 32.644 33.000000 66.000000
74.767 96.251  0.259 167.994 33.000000 73.000000
25.826 12.764  0.417 113.213 33.000000 75.000000
69.361 105.614  0.238 156.823 33.000000 92.000000
46.035 61.165  0.240 59.250 33.000000 99.000000
51.897 -7.254  0.314 86.089 33.000000 105.000000
 2.983 55.860  0.204 116.698 33.000000 106.000000
87.590 18.814  0.096 122.449 33.000000 110.000000
10.415 93.997  0.370 173.233 33.000000 116.000000
74.272 75.363  0.459 219.117 33.000000 121.000000
61.595 100.522  0.611 147.289 33.000000 127.000000
75.857 48.367  0.566 196.920 33.000000 130.000000
74.862 69.345  0.879 100.250 33.000000 133.000000
80.368 50.507  0.393 86.435 33.000000 134.000000
69.815 36.132  0.903 95.037 33.000000 140.000000
58.355 22.114  0.727 123.399 33.000000 143.000000
95.189 36.069  0.550 36.591 33.000000 144.000000
95.189 36.065  0.550 42.532 33.000000 145.000000
39.667 43.803  0.085 96.095 33.000000 146.000000
100.175 20.762  0.996 81.172 33.000000 147.000000
42.199 34.291  0.251 384.144 33.000000 150.000000
84.177 77.812  0.433 114.140 33.000000 151.000000
22.089 13.440  0.172 104.592 33.000000 152.000000
66.153 93.647  0.359 223.261 33.000000 153.000000
54.847 36.380  0.431 43.364 33.000000 154.000000
54.847 36.380  0.431 44.735 33.000000 155.000000
 0.616 83.219  0.911 106.034 34.000000 17.000000
90.070 31.133  0.136 96.535 34.000000 21.000000
66.473 64.786  0.123 117.417 34.000000 33.000000
15.170 68.480  0.945 61.953 34.000000 39.000000
50.821 62.302  0.489 87.405 34.000000 41.000000
38.459 61.234  0.900 79.442 34.000000 43.000000
24.785 84.307  0.111 92.140 34.000000 45.000000
80.798 37.939  0.554 308.256 34.000000 55.000000
91.301 35.859  0.499 317.119 34.000000 62.000000
32.985 29.668  0.417 32.943 34.000000 66.000000
74.792 96.988  0.259 174.062 34.000000 73.000000
25.725 12.578  0.417 115.310 34.000000 75.000000
69.361 106.280  0.238 156.730 34.000000 92.000000
46.073 61.288  0.240 61.458 34.000000 99.000000
51.897 -7.852  0.314 85.613 34.000000 105.000000
 2.940 55.874  0.204 118.991 34.000000 106.000000
87.621 18.966  0.096 129.922 34.000000 110.000000
74.470 75.310  0.459 211.426 34.000000 121.000000
61.595 100.546  0.611 146.049 34.000000 127.000000
75.850 48.427  0.566 191.134 34.000000 130.000000
75.952 70.732  0.879 95.532 34.000000 133.000000
80.650 50.560  0.393 89.003 34.000000 134.000000
69.824 36.341  0.903 93.721 34.000000 140.000000
58.387 21.528  0.727 117.100 34.000000 143.000000
95.193 36.154  0.550 35.467 34.000000 144.000000
95.193 36.149  0.550 43.790 34.000000 145.000000
39.718 43.826  0.085 97.960 34.000000 146.000000
100.215 20.762  0.996 81.446 34.000000 147.000000
42.037 34.600  0.251 365.876 34.000000 150.000000
83.897 77.859  0.433 112.358 34.000000 151.000000
21.820 13.754  0.172 101.573 34.000000 152.000000
66.162 93.843  0.359 232.227 34.000000 153.000000
54.383 36.209  0.431 42.502 34.000000 154.000000
54.408 36.252  0.431 45.877 34.000000 155.000000
10.459 94.134  0.370 91.022 34.000000 156.000000
10.459 94.134  0.370 90.092 34.000000 157.000000
 0.573 83.264  0.911 104.379 35.000000 17.000000
90.310 31.186  0.136 95.055 35.000000 21.000000
66.309 65.383  0.123 117.695 35.000000 33.000000
15.114 68.994  0.945 60.075 35.000000 39.000000
50.796 62.375  0.489 85.573 35.000000 41.000000
38.616 61.139  0.900 79.154 35.000000 43.000000
24.912 84.655  0.111 93.129 35.000000 45.000000
80.921 38.086  0.554 306.364 35.000000 55.000000
91.353 36.229  0.499 317.095 35.000000 62.000000
33.125 30.056  0.417 32.320 35.000000 66.000000
74.818 97.733  0.259 166.117 35.000000 73.000000
25.650 12.393  0.417 113.221 35.000000 75.000000
69.361 106.872  0.238 153.945 35.000000 92.000000
46.109 61.417  0.240 64.095 35.000000 99.000000
87.653 19.116  0.096 133.915 35.000000 110.000000
74.679 75.274  0.459 214.659 35.000000 121.000000
61.595 100.579  0.611 151.407 35.000000 127.000000
75.853 48.483  0.566 191.604 35.000000 130.000000
76.991 72.121  0.879 93.902 35.000000 133.000000
80.919 50.605  0.393 91.294 35.000000 134.000000
69.833 36.546  0.903 91.814 35.000000 140.000000
58.351 20.976  0.727 114.357 35.000000 143.000000
95.197 36.241  0.550 36.044 35.000000 144.000000
95.197 36.235  0.550 43.026 35.000000 145.000000
39.772 43.847  0.085 94.897 35.000000 146.000000
100.261 20.762  0.996 79.523 35.000000 147.000000
41.899 34.934  0.251 358.881 35.000000 150.000000
83.645 77.974  0.433 107.735 35.000000 151.000000
21.572 14.076  0.172 99.311 35.000000 152.000000
66.171 94.031  0.359 235.899 35.000000 153.000000
10.481 94.199  0.370 96.934 35.000000 156.000000
10.482 94.202  0.370 88.504 35.000000 157.000000
53.960 36.108  0.431 89.967 35.000000 158.000000
51.997 -9.009  0.314 45.093 35.000000 159.000000
51.997 -9.009  0.314 42.786 35.000000 160.000000
 0.545 83.315  0.911 100.425 36.000000 17.000000
90.552 31.230  0.136 96.269 36.000000 21.000000
66.128 65.999  0.123 116.837 36.000000 33.000000
15.113 69.528  0.945 58.671 36.000000 39.000000
50.771 62.450  0.489 81.518 36.000000 41.000000
38.774 61.036  0.900 77.677 36.000000 43.000000
25.050 84.987  0.111 87.018 36.000000 45.000000
81.039 38.227  0.554 309.625 36.000000 55.000000
91.406 36.603  0.499 316.379 36.000000 62.000000
33.264 30.442  0.417 31.054 36.000000 66.000000
74.843 98.451  0.259 165.133 36.000000 73.000000
25.550 12.216  0.417 123.197 36.000000 75.000000
69.361 107.496  0.238 154.976 36.000000 92.000000
46.146 61.547  0.240 64.862 36.000000 99.000000
87.684 19.268  0.096 140.384 36.000000 110.000000
74.889 75.237  0.459 217.146 36.000000 121.000000
61.595 100.689  0.611 151.451 36.000000 127.000000
75.857 48.538  0.566 192.021 36.000000 130.000000
78.077 73.531  0.879 94.801 36.000000 133.000000
81.175 50.665  0.393 94.227 36.000000 134.000000
69.842 36.757  0.903 92.643 36.000000 140.000000
95.201 36.328  0.550 37.311 36.000000 144.000000
95.200 36.321  0.550 42.884 36.000000 145.000000
39.830 43.864  0.085 97.252 36.000000 146.000000
100.307 20.762  0.996 78.283 36.000000 147.000000
41.720 35.254  0.251 368.065 36.000000 150.000000
83.403 78.105  0.433 103.937 36.000000 151.000000
21.350 14.404  0.172 97.957 36.000000 152.000000
66.181 94.217  0.359 232.317 36.000000 153.000000
10.505 94.268  0.370 93.293 36.000000 157.000000
51.997 -8.444  0.314 43.723 36.000000 159.000000
51.997 -8.454  0.314 41.194 36.000000 160.000000
10.525 94.332  0.370 48.855 36.000000 161.000000
10.525 94.332  0.370 46.711 36.000000 162.000000
 0.509 83.362  0.911 106.515 37.000000 17.000000
90.788 31.281  0.136 92.331 37.000000 21.000000
65.944 66.615  0.123 120.373 37.000000 33.000000
15.144 70.046  0.945 60.708 37.000000 39.000000
38.936 60.941  0.900 77.288 37.000000 43.000000
25.171 85.322  0.111 87.487 37.000000 45.000000
81.150 38.365  0.554 305.455 37.000000 55.000000
91.458 36.982  0.499 323.830 37.000000 62.000000
33.399 30.816  0.417 31.353 37.000000 66.000000
74.866 99.144  0.259 166.278 37.000000 73.000000
25.427 12.058  0.417 126.375 37.000000 75.000000
69.361 108.052  0.238 154.581 37.000000 92.000000
46.183 61.675  0.240 67.200 37.000000 99.000000
87.716 19.427  0.096 140.285 37.000000 110.000000
75.102 75.194  0.459 221.664 37.000000 121.000000
61.595 100.787  0.611 151.799 37.000000 127.000000
75.860 48.590  0.566 194.988 37.000000 130.000000
79.159 74.925  0.879 95.316 37.000000 133.000000
81.423 50.751  0.393 95.892 37.000000 134.000000
69.852 36.965  0.903 91.476 37.000000 140.000000
39.887 43.878  0.085 100.748 37.000000 146.000000
100.352 20.762  0.996 77.490 37.000000 147.000000
41.548 35.562  0.251 372.125 37.000000 150.000000
83.161 78.262  0.433 100.396 37.000000 151.000000
21.053 14.685  0.172 102.014 37.000000 152.000000
66.190 94.415  0.359 238.214 37.000000 153.000000
10.528 94.335  0.370 92.454 37.000000 157.000000
51.997 -7.874  0.314 42.560 37.000000 159.000000
51.997 -7.877  0.314 40.728 37.000000 160.000000
10.549 94.397  0.370 49.415 37.000000 161.000000
10.547 94.397  0.370 47.312 37.000000 162.000000
95.205 36.412  0.550 81.820 37.000000 163.000000
50.730 62.611  0.489 40.085 37.000000 164.000000
50.730 62.611  0.489 40.810 37.000000 165.000000
58.321 95.002  0.100 87.557 37.000000 166.000000
 0.465 83.405  0.911 105.606 38.000000 17.000000
91.020 31.324  0.136 88.800 38.000000 21.000000
65.779 67.255  0.123 115.830 38.000000 33.000000
15.176 70.572  0.945 60.459 38.000000 39.000000
39.090 60.825  0.900 75.066 38.000000 43.000000
25.318 85.646  0.111 86.112 38.000000 45.000000
81.261 38.502  0.554 305.941 38.000000 55.000000
91.509 37.346  0.499 325.237 38.000000 62.000000
33.542 31.201  0.417 29.880 38.000000 66.000000
74.891 99.834  0.259 167.840 38.000000 73.000000
25.330 11.881  0.417 126.022 38.000000 75.000000
69.361 108.604  0.238 157.569 38.000000 92.000000
46.220 61.801  0.240 68.924 38.000000 99.000000
87.748 19.587  0.096 134.744 38.000000 110.000000
75.315 75.171  0.459 225.886 38.000000 121.000000
61.595 100.836  0.611 152.517 38.000000 127.000000
75.863 48.639  0.566 202.599 38.000000 130.000000
80.295 76.364  0.879 95.855 38.000000 133.000000
81.681 50.833  0.393 93.766 38.000000 134.000000
69.861 37.183  0.903 85.861 38.000000 140.000000
39.944 43.893  0.085 97.669 38.000000 146.000000
100.399 20.762  0.996 74.682 38.000000 147.000000
41.422 35.891  0.251 373.852 38.000000 150.000000
82.954 78.461  0.433 96.339 38.000000 151.000000
20.689 14.858  0.172 97.733 38.000000 152.000000
66.200 94.616  0.359 239.228 38.000000 153.000000
10.551 94.401  0.370 97.741 38.000000 157.000000
51.997 -7.298  0.314 41.452 38.000000 159.000000
51.997 -7.327  0.314 38.777 38.000000 160.000000
10.573 94.463  0.370 45.975 38.000000 161.000000
10.568 94.459  0.370 46.055 38.000000 162.000000
50.711 62.688  0.489 40.735 38.000000 164.000000
50.709 62.693  0.489 40.598 38.000000 165.000000
58.694 95.420  0.100 87.615 38.000000 166.000000
 0.428 83.453  0.911 104.812 39.000000 17.000000
91.249 31.368  0.136 92.175 39.000000 21.000000
65.573 67.887  0.123 119.953 39.000000 33.000000
15.301 71.086  0.945 59.492 39.000000 39.000000
39.248 60.713  0.900 76.598 39.000000 43.000000
25.496 85.944  0.111 88.433 39.000000 45.000000
81.376 38.640  0.554 320.969 39.000000 55.000000
91.562 37.720  0.499 312.586 39.000000 62.000000
33.685 31.583  0.417 29.158 39.000000 66.000000
74.891 100.516  0.259 168.650 39.000000 73.000000
25.217 11.710  0.417 117.076 39.000000 75.000000
69.361 109.128  0.238 150.353 39.000000 92.000000
46.259 61.934  0.240 65.185 39.000000 99.000000
87.778 19.743  0.096 137.572 39.000000 110.000000
75.529 75.152  0.459 221.615 39.000000 121.000000
61.595 100.904  0.611 166.253 39.000000 127.000000
75.866 48.689  0.566 207.531 39.000000 130.000000
81.462 77.768  0.879 98.198 39.000000 133.000000
81.952 50.897  0.393 93.317 39.000000 134.000000
69.870 37.398  0.903 85.055 39.000000 140.000000
40.002 43.906  0.085 100.056 39.000000 146.000000
100.445 20.762  0.996 77.326 39.000000 147.000000
41.199 36.179  0.251 390.218 39.000000 150.000000
82.766 78.655  0.433 100.314 39.000000 151.000000
20.298 14.981  0.172 100.937 39.000000 152.000000
66.209 94.817  0.359 239.050 39.000000 153.000000
10.573 94.464  0.370 97.664 39.000000 157.000000
51.997 -6.745  0.314 40.359 39.000000 159.000000
51.997 -6.778  0.314 38.621 39.000000 160.000000
59.114 95.832  0.100 88.646 39.000000 166.000000
10.593 94.525  0.370 88.189 39.000000 167.000000
10.593 94.525  0.370 90.903 39.000000 168.000000
50.690 62.770  0.489 80.339 39.000000 169.000000
50.831 75.557  0.110 95.267 39.000000 170.000000
 0.394 83.505  0.911 103.958 40.000000 17.000000
91.484 31.408  0.136 92.981 40.000000 21.000000
65.287 68.504  0.123 117.244 40.000000 33.000000
15.419 71.621  0.945 58.343 40.000000 39.000000
39.408 60.603  0.900 75.204 40.000000 43.000000
25.594 86.284  0.111 88.327 40.000000 45.000000
81.488 38.781  0.554 313.088 40.000000 55.000000
91.618 38.106  0.499 300.912 40.000000 62.000000
33.822 31.961  0.417 30.508 40.000000 66.000000
74.891 101.220  0.259 165.830 40.000000 73.000000
25.143 11.527  0.417 118.978 40.000000 75.000000
69.361 109.658  0.238 145.067 40.000000 92.000000
46.298 62.066  0.240 69.050 40.000000 99.000000
87.810 19.901  0.096 137.611 40.000000 110.000000
75.741 75.138  0.459 229.360 40.000000 121.000000
61.595 100.916  0.611 170.100 40.000000 127.000000
75.869 48.738  0.566 207.479 40.000000 130.000000
82.657 79.209  0.879 99.125 40.000000 133.000000
82.231 50.963  0.393 91.575 40.000000 134.000000
69.880 37.616  0.903 85.344 40.000000 140.000000
40.062 43.915  0.085 102.625 40.000000 146.000000
100.491 20.762  0.996 76.084 40.000000 147.000000
40.943 36.458  0.251 383.547 40.000000 150.000000
82.569 78.862  0.433 99.698 40.000000 151.000000
19.934 15.137  0.172 103.239 40.000000 152.000000
66.218 95.012  0.359 231.986 40.000000 153.000000
10.596 94.530  0.370 94.585 40.000000 157.000000
51.997 -6.210  0.314 40.007 40.000000 159.000000
51.997 -6.197  0.314 38.314 40.000000 160.000000
59.582 96.233  0.100 90.482 40.000000 166.000000
50.670 62.849  0.489 82.935 40.000000 169.000000
50.828 76.046  0.110 92.219 40.000000 170.000000
10.642 94.648  0.370 84.429 40.000000 172.000000
10.642 94.648  0.370 85.326 40.000000 173.000000
 0.352 83.551  0.911 102.923 41.000000 17.000000
91.717 31.432  0.136 91.819 41.000000 21.000000
65.109 69.152  0.123 117.077 41.000000 33.000000
15.544 72.136  0.945 59.158 41.000000 39.000000
39.576 60.485  0.900 74.253 41.000000 43.000000
25.628 86.633  0.111 88.511 41.000000 45.000000
81.592 38.922  0.554 296.991 41.000000 55.000000
91.675 38.495  0.499 309.960 41.000000 62.000000
33.951 32.321  0.417 29.600 41.000000 66.000000
74.891 101.905  0.259 164.433 41.000000 73.000000
25.078 11.339  0.417 119.585 41.000000 75.000000
69.361 110.153  0.238 148.961 41.000000 92.000000
46.338 62.200  0.240 67.390 41.000000 99.000000
87.841 20.060  0.096 137.721 41.000000 110.000000
75.957 75.122  0.459 225.315 41.000000 121.000000
61.595 100.923  0.611 164.552 41.000000 127.000000
75.872 48.787  0.566 207.253 41.000000 130.000000
82.499 51.008  0.393 91.107 41.000000 134.000000
69.890 37.836  0.903 85.239 41.000000 140.000000
40.121 43.922  0.085 99.452 41.000000 146.000000
100.538 20.762  0.996 74.909 41.000000 147.000000
40.775 36.799  0.251 387.381 41.000000 150.000000
19.583 15.351  0.172 105.390 41.000000 152.000000
66.226 95.204  0.359 230.104 41.000000 153.000000
10.619 94.594  0.370 100.232 41.000000 157.000000
60.037 96.654  0.100 87.723 41.000000 166.000000
50.642 62.924  0.489 79.600 41.000000 169.000000
10.671 94.706  0.370 88.570 41.000000 172.000000
10.668 94.705  0.370 82.952 41.000000 173.000000
83.106 79.863  0.656 197.695 41.000000 174.000000
51.997 -5.630  0.314 75.991 41.000000 175.000000
50.784 77.056  0.110 44.486 41.000000 176.000000
50.784 77.056  0.110 45.040 41.000000 177.000000
 0.306 83.593  0.911 108.797 42.000000 17.000000
91.940 31.447  0.136 96.172 42.000000 21.000000
64.946 69.816  0.123 120.312 42.000000 33.000000
15.613 72.682  0.945 57.493 42.000000 39.000000
39.750 60.373  0.900 72.611 42.000000 43.000000
25.713 86.978  0.111 88.989 42.000000 45.000000
81.690 39.062  0.554 295.816 42.000000 55.000000
91.733 38.881  0.499 318.031 42.000000 62.000000
34.076 32.680  0.417 30.767 42.000000 66.000000
74.891 102.584  0.259 163.195 42.000000 73.000000
25.032 11.142  0.417 119.327 42.000000 75.000000
69.361 110.673  0.238 153.856 42.000000 92.000000
46.378 62.332  0.240 68.380 42.000000 99.000000
87.871 20.218  0.096 130.780 42.000000 110.000000
76.175 75.091  0.459 219.830 42.000000 121.000000
61.595 100.961  0.611 160.839 42.000000 127.000000
75.875 48.839  0.566 199.009 42.000000 130.000000
82.782 51.060  0.393 90.611 42.000000 134.000000
69.899 38.050  0.903 85.575 42.000000 140.000000
40.178 43.930  0.085 103.611 42.000000 146.000000
100.590 20.762  0.996 76.496 42.000000 147.000000
40.623 37.153  0.251 400.895 42.000000 150.000000
19.209 15.503  0.172 103.007 42.000000 152.000000
66.236 95.403  0.359 232.326 42.000000 153.000000
10.641 94.655  0.370 105.150 42.000000 157.000000
60.414 97.135  0.100 86.018 42.000000 166.000000
50.622 62.999  0.489 81.208 42.000000 169.000000
10.701 94.766  0.370 91.954 42.000000 172.000000
10.696 94.764  0.370 80.364 42.000000 173.000000
83.716 80.633  0.656 200.589 42.000000 174.000000
51.997 -5.032  0.314 73.924 42.000000 175.000000
50.761 77.584  0.110 43.853 42.000000 176.000000
50.762 77.571  0.110 44.140 42.000000 177.000000
 8.019 18.085  0.520 101.449 42.000000 178.000000
41.382 99.563  0.885 83.222 42.000000 179.000000
 0.255 83.623  0.911 105.515 43.000000 17.000000
92.164 31.451  0.136 99.185 43.000000 21.000000
64.776 70.482  0.123 119.376 43.000000 33.000000
15.618 73.223  0.945 56.425 43.000000 39.000000
39.924 60.264  0.900 71.847 43.000000 43.000000
25.767 87.321  0.111 94.691 43.000000 45.000000
81.785 39.200  0.554 290.350 43.000000 55.000000
91.796 39.278  0.499 332.475 43.000000 62.000000
34.203 33.025  0.417 30.846 43.000000 66.000000
74.891 103.235  0.259 160.734 43.000000 73.000000
24.994 10.950  0.417 121.854 43.000000 75.000000
69.361 111.263  0.238 154.408 43.000000 92.000000
87.899 20.367  0.096 130.443 43.000000 110.000000
76.383 75.051  0.459 223.009 43.000000 121.000000
61.595 101.027  0.611 158.542 43.000000 127.000000
75.878 48.893  0.566 211.648 43.000000 130.000000
83.061 51.116  0.393 90.880 43.000000 134.000000
69.908 38.270  0.903 87.646 43.000000 140.000000
40.238 43.939  0.085 106.772 43.000000 146.000000
100.647 20.762  0.996 74.354 43.000000 147.000000
40.542 37.548  0.251 418.604 43.000000 150.000000
18.842 15.654  0.172 106.051 43.000000 152.000000
66.245 95.609  0.359 227.122 43.000000 153.000000
10.664 94.716  0.370 106.145 43.000000 157.000000
60.809 97.564  0.100 83.658 43.000000 166.000000
50.626 63.075  0.489 84.205 43.000000 169.000000
10.725 94.827  0.370 80.300 43.000000 173.000000
84.362 81.408  0.656 206.063 43.000000 174.000000
51.997 -4.431  0.314 74.055 43.000000 175.000000
50.622 78.110  0.110 44.205 43.000000 176.000000
 7.900 17.421  0.520 99.945 43.000000 178.000000
42.230 99.034  0.885 82.075 43.000000 179.000000
10.763 94.886  0.370 45.718 43.000000 180.000000
10.763 94.886  0.370 49.323 43.000000 181.000000
83.389 36.964  0.823 106.732 43.000000 184.000000
98.778 17.077  0.587 105.051 43.000000 185.000000
 0.209 83.658  0.911 100.758 44.000000 17.000000
92.394 31.452  0.136 97.920 44.000000 21.000000
64.641 71.154  0.123 117.051 44.000000 33.000000
15.728 73.759  0.945 59.084 44.000000 39.000000
40.101 60.157  0.900 67.124 44.000000 43.000000
25.912 87.646  0.111 92.399 44.000000 45.000000
81.888 39.338  0.554 293.719 44.000000 55.000000
91.861 39.680  0.499 339.885 44.000000 62.000000
34.324 33.378  0.417 29.343 44.000000 66.000000
74.891 103.894  0.259 167.331 44.000000 73.000000
24.983 10.762  0.417 116.704 44.000000 75.000000
69.361 111.863  0.238 150.322 44.000000 92.000000
87.927 20.521  0.096 129.087 44.000000 110.000000
76.593 75.015  0.459 228.648 44.000000 121.000000
61.595 101.179  0.611 161.162 44.000000 127.000000
75.882 48.947  0.566 211.681 44.000000 130.000000
83.321 51.188  0.393 93.272 44.000000 134.000000
69.917 38.489  0.903 86.217 44.000000 140.000000
40.299 43.950  0.085 111.808 44.000000 146.000000
100.706 20.762  0.996 74.559 44.000000 147.000000
66.256 95.826  0.359 214.574 44.000000 153.000000
61.249 98.008  0.100 81.389 44.000000 166.000000
50.630 63.149  0.489 81.715 44.000000 169.000000
85.030 82.170  0.656 199.079 44.000000 174.000000
51.997 -3.834  0.314 75.523 44.000000 175.000000
50.580 78.664  0.110 42.604 44.000000 176.000000
 7.872 16.758  0.520 99.944 44.000000 178.000000
43.068 98.501  0.885 81.776 44.000000 179.000000
10.796 94.941  0.370 48.178 44.000000 181.000000
83.468 36.913  0.823 107.080 44.000000 184.000000
98.989 16.858  0.587 102.837 44.000000 185.000000
10.777 94.915  0.370 133.004 44.000000 186.000000
40.395 38.338  0.251 199.821 44.000000 187.000000
40.395 38.338  0.251 210.967 44.000000 188.000000
18.105 15.913  0.172 52.231 44.000000 189.000000
18.105 15.913  0.172 52.692 44.000000 190.000000
 0.163 83.696  0.911 105.436 45.000000 17.000000
92.623 31.456  0.136 98.411 45.000000 21.000000
64.602 71.839  0.123 117.162 45.000000 33.000000
15.989 74.221  0.945 61.598 45.000000 39.000000
40.285 60.058  0.900 68.920 45.000000 43.000000
26.026 87.981  0.111 90.577 45.000000 45.000000
81.985 39.474  0.554 293.753 45.000000 55.000000
34.446 33.735  0.417 28.353 45.000000 66.000000
74.891 104.606  0.259 166.082 45.000000 73.000000
24.968 10.571  0.417 119.850 45.000000 75.000000
69.361 112.272  0.238 144.513 45.000000 92.000000
87.956 20.674  0.096 133.043 45.000000 110.000000
76.795 74.970  0.459 226.012 45.000000 121.000000
75.885 49.001  0.566 207.252 45.000000 130.000000
69.926 38.711  0.903 84.318 45.000000 140.000000
40.362 43.962  0.085 104.664 45.000000 146.000000
100.766 20.762  0.996 74.349 45.000000 147.000000
66.266 96.044  0.359 207.158 45.000000 153.000000
50.634 63.222  0.489 77.599 45.000000 169.000000
85.707 82.954  0.656 199.049 45.000000 174.000000
51.997 -3.242  0.314 74.192 45.000000 175.000000
50.563 79.166  0.110 42.093 45.000000 176.000000
 7.886 16.056  0.520 100.316 45.000000 178.000000
43.764 97.806  0.885 82.179 45.000000 179.000000
10.830 94.995  0.370 47.672 45.000000 181.000000
99.223 16.663  0.587 101.957 45.000000 185.000000
10.814 94.970  0.370 131.417 45.000000 186.000000
40.319 38.732  0.251 198.284 45.000000 187.000000
40.325 38.728  0.251 205.046 45.000000 188.000000
18.224 16.272  0.172 50.182 45.000000 189.000000
18.220 16.281  0.172 50.913 45.000000 190.000000
61.632 99.902  0.355 246.392 45.000000 191.000000
91.990 40.498  0.499 169.970 45.000000 192.000000
91.990 40.498  0.499 174.530 45.000000 193.000000
52.156 46.901  0.226 91.115 45.000000 194.000000
65.266 18.330  0.412 95.755 45.000000 195.000000
 0.105 83.713  0.911 104.110 46.000000 17.000000
92.852 31.456  0.136 101.946 46.000000 21.000000
64.507 72.508  0.123 117.280 46.000000 33.000000
16.276 74.666  0.945 64.105 46.000000 39.000000
40.471 59.977  0.900 68.221 46.000000 43.000000
26.173 88.300  0.111 93.943 46.000000 45.000000
82.080 39.613  0.554 295.161 46.000000 55.000000
34.571 34.109  0.417 28.930 46.000000 66.000000
74.891 105.308  0.259 158.899 46.000000 73.000000
24.912 10.391  0.417 114.530 46.000000 75.000000
69.361 112.718  0.238 146.630 46.000000 92.000000
87.987 20.828  0.096 131.612 46.000000 110.000000
76.995 74.920  0.459 213.637 46.000000 121.000000
75.889 49.056  0.566 204.435 46.000000 130.000000
69.935 38.919  0.903 83.418 46.000000 140.000000
40.427 43.974  0.085 101.980 46.000000 146.000000
100.827 20.762  0.996 71.568 46.000000 147.000000
66.276 96.260  0.359 208.536 46.000000 153.000000
50.638 63.293  0.489 78.380 46.000000 169.000000
86.368 83.725  0.656 194.257 46.000000 174.000000
51.997 -2.664  0.314 77.139 46.000000 175.000000
50.570 79.664  0.110 41.478 46.000000 176.000000
 7.923 15.329  0.520 94.356 46.000000 178.000000
44.301 97.037  0.885 82.236 46.000000 179.000000
99.437 16.446  0.587 104.445 46.000000 185.000000
18.347 16.635  0.172 47.325 46.000000 189.000000
18.334 16.644  0.172 53.781 46.000000 190.000000
61.632 100.156  0.355 244.244 46.000000 191.000000
92.059 40.912  0.499 165.774 46.000000 192.000000
92.059 40.911  0.499 176.016 46.000000 193.000000
52.349 46.718  0.226 89.640 46.000000 194.000000
65.279 18.186  0.412 98.483 46.000000 195.000000
10.856 95.035  0.370 186.223 46.000000 196.000000
40.252 39.116  0.251 408.622 46.000000 197.000000
22.301 55.545  0.455 99.983 46.000000 198.000000
 0.050 83.739  0.911 104.338 47.000000 17.000000
64.357 73.143  0.123 115.419 47.000000 33.000000
16.620 75.085  0.945 60.728 47.000000 39.000000
40.651 59.873  0.900 70.691 47.000000 43.000000
26.339 88.598  0.111 96.935 47.000000 45.000000
82.174 39.753  0.554 301.566 47.000000 55.000000
34.706 34.515  0.417 28.602 47.000000 66.000000
74.891 106.046  0.259 152.633 47.000000 73.000000
24.853 10.204  0.417 116.535 47.000000 75.000000
69.361 113.328  0.238 142.841 47.000000 92.000000
88.016 20.976  0.096 130.665 47.000000 110.000000
77.180 74.857  0.459 221.646 47.000000 121.000000
69.944 39.121  0.903 85.824 47.000000 140.000000
40.488 43.989  0.085 100.973 47.000000 146.000000
100.885 20.762  0.996 72.354 47.000000 147.000000
66.286 96.479  0.359 204.389 47.000000 153.000000
50.642 63.369  0.489 76.536 47.000000 169.000000
87.013 84.490  0.656 193.102 47.000000 174.000000
51.997 -2.083  0.314 74.160 47.000000 175.000000
50.578 80.201  0.110 43.828 47.000000 176.000000
 7.967 14.626  0.520 95.782 47.000000 178.000000
44.526 96.119  0.885 80.355 47.000000 179.000000
99.662 16.243  0.587 104.423 47.000000 185.000000
61.632 100.420  0.355 251.281 47.000000 191.000000
92.130 41.330  0.499 164.910 47.000000 192.000000
92.131 41.334  0.499 174.802 47.000000 193.000000
52.527 46.539  0.226 91.732 47.000000 194.000000
65.316 18.050  0.412 102.845 47.000000 195.000000
10.897 95.079  0.370 191.077 47.000000 196.000000
40.184 39.484  0.251 410.287 47.000000 197.000000
22.406 55.542  0.455 101.575 47.000000 198.000000
18.461 17.010  0.172 101.177 47.000000 199.000000
93.326 31.461  0.136 50.288 47.000000 200.000000
93.326 31.461  0.136 49.966 47.000000 201.000000
 0.002 83.775  0.911 99.747 48.000000 17.000000
16.964 75.514  0.945 62.077 48.000000 39.000000
40.840 59.767  0.900 70.151 48.000000 43.000000
26.455 88.891  0.111 93.938 48.000000 45.000000
82.270 39.887  0.554 301.277 48.000000 55.000000
34.840 34.941  0.417 28.523 48.000000 66.000000
74.891 106.798  0.259 154.043 48.000000 73.000000
24.800 10.013  0.417 117.947 48.000000 75.000000
69.361 113.945  0.238 141.532 48.000000 92.000000
88.044 21.130  0.096 133.599 48.000000 110.000000
77.356 74.788  0.459 223.693 48.000000 121.000000
69.952 39.326  0.903 89.105 48.000000 140.000000
40.546 44.003  0.085 105.286 48.000000 146.000000
100.945 20.762  0.996 71.289 48.000000 147.000000
66.296 96.698  0.359 202.693 48.000000 153.000000
50.646 63.448  0.489 78.993 48.000000 169.000000
87.665 85.220  0.656 204.846 48.000000 174.000000
51.997 -1.509  0.314 77.047 48.000000 175.000000
50.586 80.754  0.110 43.826 48.000000 176.000000
 7.930 13.937  0.520 96.390 48.000000 178.000000
44.823 95.212  0.885 84.235 48.000000 179.000000
99.889 16.044  0.587 100.907 48.000000 185.000000
61.632 100.671  0.355 249.427 48.000000 191.000000
52.706 46.374  0.226 89.553 48.000000 194.000000
65.357 17.917  0.412 107.156 48.000000 195.000000
10.938 95.122  0.370 183.909 48.000000 196.000000
40.232 39.854  0.251 403.871 48.000000 197.000000
22.514 55.523  0.455 101.759 48.000000 198.000000
18.584 17.376  0.172 102.179 48.000000 199.000000
92.202 41.745  0.499 335.667 48.000000 202.000000
93.565 31.421  0.136 97.197 48.000000 203.000000
64.055 74.422  0.123 57.136 48.000000 204.000000
64.055 74.422  0.123 57.146 48.000000 205.000000
74.472 87.383  0.964 92.587 48.000000 206.000000
-0.053 83.775  0.911 98.664 49.000000 17.000000
17.386 75.877  0.945 63.379 49.000000 39.000000
41.027 59.665  0.900 68.237 49.000000 43.000000
26.546 89.174  0.111 95.215 49.000000 45.000000
82.372 40.028  0.554 314.847 49.000000 55.000000
34.984 35.391  0.417 29.952 49.000000 66.000000
74.891 107.510  0.259 151.617 49.000000 73.000000
24.739  9.818  0.417 119.716 49.000000 75.000000
69.361 114.355  0.238 137.371 49.000000 92.000000
88.072 21.282  0.096 135.476 49.000000 110.000000
77.529 74.727  0.459 212.471 49.000000 121.000000
69.960 39.527  0.903 84.493 49.000000 140.000000
40.605 44.013  0.085 102.378 49.000000 146.000000
101.001 20.762  0.996 67.365 49.000000 147.000000
66.306 96.918  0.359 205.735 49.000000 153.000000
50.650 63.523  0.489 79.161 49.000000 169.000000
88.300 85.958  0.656 210.919 49.000000 174.000000
51.997 -0.955  0.314 77.757 49.000000 175.000000
50.595 81.327  0.110 44.681 49.000000 176.000000
 7.965 13.262  0.520 93.536 49.000000 178.000000
44.896 94.268  0.885 86.427 49.000000 179.000000
100.146 16.044  0.587 100.823 49.000000 185.000000
61.632 100.920  0.355 244.504 49.000000 191.000000
65.397 17.792  0.412 110.815 49.000000 195.000000
10.977 95.164  0.370 188.024 49.000000 196.000000
40.280 40.238  0.251 401.599 49.000000 197.000000
22.624 55.516  0.455 102.603 49.000000 198.000000
18.709 17.727  0.172 101.026 49.000000 199.000000
92.274 42.170  0.499 327.138 49.000000 202.000000
93.629 31.653  0.136 97.808 49.000000 203.000000
74.497 87.326  0.964 91.833 49.000000 206.000000
63.896 75.068  0.123 112.945 49.000000 207.000000
53.074 46.068  0.226 45.263 49.000000 208.000000
53.074 46.068  0.226 44.136 49.000000 209.000000
-0.102 83.775  0.911 100.457 50.000000 17.000000
17.741 76.311  0.945 65.449 50.000000 39.000000
41.213 59.574  0.900 67.308 50.000000 43.000000
26.642 89.441  0.111 95.371 50.000000 45.000000
82.476 40.161  0.554 324.725 50.000000 55.000000
35.129 35.851  0.417 28.995 50.000000 66.000000
74.891 108.240  0.259 154.192 50.000000 73.000000
24.712  9.623  0.417 121.417 50.000000 75.000000
69.361 114.722  0.238 143.770 50.000000 92.000000
88.100 21.431  0.096 143.475 50.000000 110.000000
77.694 74.660  0.459 220.817 50.000000 121.000000
69.969 39.731  0.903 81.640 50.000000 140.000000
40.661 44.028  0.085 97.352 50.000000 146.000000
101.056 20.762  0.996 64.653 50.000000 147.000000
66.316 97.136  0.359 210.208 50.000000 153.000000
50.653 63.593  0.489 77.903 50.000000 169.000000
88.913 86.683  0.656 204.136 50.000000 174.000000
51.997 -0.396  0.314 77.318 50.000000 175.000000
50.603 81.870  0.110 44.541 50.000000 176.000000
 7.936 12.605  0.520 89.715 50.000000 178.000000
44.653 93.351  0.885 86.491 50.000000 179.000000
100.388 16.044  0.587 97.526 50.000000 185.000000
61.632 101.137  0.355 238.375 50.000000 191.000000
65.440 17.668  0.412 113.816 50.000000 195.000000
11.015 95.206  0.370 185.005 50.000000 196.000000
40.328 40.630  0.251 393.183 50.000000 197.000000
22.737 55.515  0.455 107.221 50.000000 198.000000
18.826 18.069  0.172 104.141 50.000000 199.000000
92.342 42.594  0.499 331.406 50.000000 202.000000
93.691 31.878  0.136 98.723 50.000000 203.000000
74.521 87.270  0.964 89.333 50.000000 206.000000
63.736 75.707  0.123 110.636 50.000000 207.000000
52.936 45.860  0.226 91.505 50.000000 210.000000
